thetaHat = 
         1         2         3         4         5         6         7         8         9        10        11        12        13        14        15        16        17        18        19        20        21        22        23        24        25        26        27        28        29        30        31        32        33        34        35        36        37        38        39        40
      0.48      1.01      0.44      0.67      0.81      0.96      1.06      0.94      1.02      1.09      1.01      1.07      0.98      1.01      1.08      1.15      1.10      1.14      1.18      1.13      1.08      1.11      1.13      1.16      1.21      1.16      1.09      1.11      1.07      1.02      1.04      0.99      1.01      1.02      0.99      1.00      1.02      0.98      1.00      1.01
      0.48      0.01      0.31      0.55      0.76      0.93      1.03      0.91      1.00      1.07      1.19      1.10      1.00      0.89      0.93      0.97      1.00      1.06      1.10      1.16      1.12      1.06      1.00      1.02      0.98      1.00      1.02      1.05      1.08      1.10      1.13      1.10      1.06      0.99      1.00      1.02      0.99      1.00      1.02      1.03
     -0.60     -0.29     -0.04     -0.29     -0.12      0.02     -0.12     -0.01      0.12      0.02      0.12      0.23      0.31      0.25      0.18      0.26      0.30      0.38      0.33      0.39      0.35      0.38      0.35      0.37      0.42      0.47      0.50      0.47      0.50      0.46      0.48      0.50      0.47      0.50      0.54      0.57      0.55      0.52      0.53      0.56
      0.48      1.01      0.44      0.67      0.38      0.54      0.65      0.74      0.85      0.92      0.99      0.86      0.92      0.98      1.07      1.02      1.07      1.12      1.07      1.10      1.06      1.10      1.05      0.99      1.01      0.95      0.87      0.90      0.93      0.88      0.83      0.85      0.87      0.89      0.92      0.89      0.91      0.92      0.89      0.90
      0.48      1.01      0.44      0.67      0.81      0.96      1.06      1.23      1.10      1.16      1.27      1.38      1.28      1.21      1.26      1.20      1.25      1.17      1.20      1.14      1.17      1.10      1.13      1.15      1.18      1.21      1.25      1.22      1.18      1.13      1.05      1.07      1.09      1.11      1.07      1.08      1.09      1.12      1.14      1.11
      0.48      1.01      0.44      0.06      0.30      0.49      0.60      0.70      0.81      0.69      0.56      0.62      0.70      0.75      0.81      0.87      0.81      0.86      0.91      0.99      0.95      0.98      0.95      0.97      1.01      1.06      1.01      1.03      0.99      0.95      0.91      0.93      0.95      0.97      0.93      0.96      0.92      0.87      0.88      0.90
      0.48      1.01      1.27      0.97      1.14      1.24      1.39      1.25      1.14      1.02      1.09      1.14      1.05      0.94      0.98      1.01      0.94      0.97      1.01      1.04      1.10      1.05      1.00      1.02      1.04      1.09      1.04      1.07      1.02      1.04      1.00      1.01      1.03      1.00      0.95      0.97      0.99      1.01      0.97      0.99
      0.48      1.01      1.27      0.97      1.14      0.88      0.60      0.72      0.80      0.65      0.73      0.64      0.70      0.76      0.69      0.73      0.67      0.71      0.75      0.80      0.85      0.80      0.82      0.86      0.91      0.88      0.91      0.95      0.98      0.95      0.97      1.00      1.02      1.00      0.96      0.92      0.94      0.96      0.97      1.00
      0.48      1.01      1.27      0.97      1.14      1.24      1.39      1.25      1.14      1.02      0.87      0.94      1.00      1.05      1.11      1.16      1.22      1.17      1.21      1.25      1.30      1.35      1.39      1.36      1.38      1.41      1.38      1.33      1.30      1.32      1.28      1.30      1.32      1.35      1.38      1.35      1.37      1.31      1.27      1.28
      0.48      1.01      1.27      1.56      1.26      1.41      1.54      1.42      1.52      1.41      1.49      1.55      1.48      1.41      1.32      1.20      1.23      1.28      1.21      1.24      1.18      1.21      1.14      1.06      1.08      1.11      1.13      1.14      1.17      1.20      1.22      1.25      1.21      1.16      1.11      1.13      1.09      1.10      1.11      1.13
