   ID      true         1         2         3         4         5         6         7         8         9        10        11        12        13        14        15        16        17        18        19        20        21        22        23        24        25        26        27        28        29        30        31        32        33        34        35        36        37        38        39        40
    1    1.0000    0.4788    1.0054    0.4388    0.6709    0.8081    0.6250    0.7360    0.8219    0.6926    0.7771    0.8448    0.9052    0.9690    0.9130    0.9789    0.9140    0.8432    0.8720    0.9000    0.9342    0.9015    0.9240    0.9492    0.9188    0.9465    0.9128    0.9393    0.9687    1.0142    0.9779    1.0018    0.9792    0.9971    0.9481    0.9096    0.9317    0.9461    0.9082    0.8686    0.8795
    2    1.0000    0.4788    0.0091    0.3135    0.5480    0.7621    0.5786    0.6914    0.5069    0.3635    0.4733    0.5487    0.6287    0.5529    0.6094    0.5491    0.5855    0.6395    0.6941    0.7367    0.6683    0.7013    0.6682    0.7035    0.7489    0.7765    0.8066    0.8604    0.8369    0.8647    0.8367    0.7979    0.7521    0.7667    0.7870    0.8116    0.8283    0.8650    0.8478    0.8233    0.8368
    3    1.0000    0.4788    1.0054    1.2725    0.9667    1.1400    1.2385    1.3891    1.5579    1.4104    1.2751    1.1659    1.0398    1.1078    1.1846    1.1178    1.1629    1.0809    1.1215    1.0404    1.0661    0.9509    0.9814    1.0170    1.0467    1.0867    1.1189    1.1520    1.1973    1.2407    1.2074    1.1679    1.1199    1.1350    1.0862    1.1080    1.0507    1.0631    1.0756    1.0880    1.0616
    4    1.0000    0.4788    1.0054    1.2725    0.9667    1.1400    1.2385    1.0825    0.9792    1.0619    0.9119    0.9641    1.0237    0.9422    0.9813    1.0440    1.0895    1.0447    0.9384    0.9767    0.9115    0.9336    0.9567    0.9761    1.0143    1.0468    1.0175    0.9567    0.8862    0.9128    0.9385    0.8864    0.9073    0.9280    0.9512    0.9762    0.9429    0.9574    0.9734    0.9971    1.0143
    5    1.0000    0.4788    0.0091    0.3135    0.5480    0.7621    0.9289    1.0344    1.2122    1.0785    1.1516    1.0512    1.1118    1.0113    1.0648    1.1302    1.2085    1.1476    1.0753    1.0019    1.0270    0.9226    0.8319    0.8716    0.8950    0.9182    0.9468    0.9693    0.9352    0.9528    0.9770    0.9364    0.8857    0.9061    0.9263    0.8935    0.9092    0.8820    0.8990    0.8710    0.8817
    6    1.0000    0.4788    0.0091    0.3135    0.5480    0.7621    0.9289    1.0344    0.9122    1.0011    0.8510    0.9064    0.9555    0.8450    0.8915    0.9486    0.8843    0.8309    0.8760    0.9026    0.9371    0.9038    0.9281    0.9493    1.0009    1.0401    1.0088    1.0409    1.0122    1.0321    1.0602    1.0827    1.1109    1.0842    1.1065    1.1266    1.1026    1.1296    1.1080    1.1320    1.0962
    7    1.0000    0.4788    1.0054    1.2725    1.5570    1.8036    1.5027    1.2921    1.1253    1.2348    1.1203    1.1898    1.2657    1.1838    1.0844    1.1369    1.1807    1.2283    1.2939    1.2184    1.2557    1.2104    1.1170    1.0385    0.9134    0.8045    0.8453    0.8731    0.8981    0.9224    0.8669    0.8894    0.9139    0.8692    0.8911    0.8513    0.8054    0.8253    0.8481    0.8157    0.8296
    8    1.0000    0.4788    0.0091    0.3135    0.5480    0.7621    0.9289    0.7329    0.8159    0.6365    0.7178    0.7948    0.6984    0.7460    0.6708    0.7124    0.7694    0.7095    0.7469    0.7773    0.8314    0.7894    0.8228    0.7970    0.8220    0.8511    0.8281    0.8515    0.8141    0.8329    0.8550    0.8295    0.7699    0.7835    0.7554    0.7216    0.7371    0.7538    0.7087    0.7213    0.7326
    9    1.0000    0.4788    1.0054    1.2725    0.9667    0.6907    0.8280    0.9259    1.0130    1.0891    1.0020    1.0656    0.9702    1.0255    1.0921    1.0330    0.9548    0.9873    1.0256    0.9541    0.9755    0.9986    0.9568    0.9762    0.9989    0.9709    0.9883    1.0184    1.0421    1.0844    1.1118    1.0745    1.0974    1.1347    1.1714    1.1459    1.1151    1.0744    1.0387    0.9950    1.0099
   10    1.0000    0.4788    1.0054    1.2725    0.9667    0.6907    0.8280    0.9259    1.0130    0.8508    0.9333    0.9998    0.9131    0.9576    1.0257    1.1096    1.0516    1.0948    1.0512    1.0853    1.1233    1.0832    1.1229    1.1479    1.1135    1.1430    1.1737    1.1429    1.1666    1.1396    1.1596    1.1869    1.1550    1.1680    1.1246    1.1390    1.1595    1.1921    1.2278    1.2079    1.2268
