thetaHat = 
         1         2         3         4         5         6         7         8         9        10        11        12        13        14        15        16        17        18        19        20        21        22        23        24        25        26        27        28        29        30        31        32        33        34        35        36        37        38        39        40
    0.4788    1.0054    1.2725    0.9667    1.1400    1.2385    1.0825    1.2306    1.1263    1.0092    1.0743    1.1271    1.0405    1.0885    1.1357    1.2068    1.1297    1.0723    1.0959    1.0247    1.0464    0.9549    0.9744    1.0023    1.0218    1.0422    1.0025    1.0178    1.0405    0.9981    1.0127    0.9766    0.9941    0.9464    0.9648    0.9855    0.9601    0.9231    0.9367    0.9534
    0.4788    0.0091    0.3135    0.5480    0.7621    0.9289    1.0344    0.9122    1.0011    1.0730    0.9917    1.0529    1.1231    1.2086    1.2911    1.3710    1.4659    1.3724    1.2690    1.1879    1.1216    1.0432    1.0676    1.0915    1.1228    1.1431    1.1752    1.2086    1.2538    1.2181    1.2497    1.2730    1.3187    1.3572    1.3849    1.3586    1.3309    1.3517    1.3193    1.2920
    0.4788    0.0091    0.3135    0.5480    0.7621    0.5786    0.3717    0.4998    0.5942    0.6738    0.5816    0.5051    0.5644    0.4917    0.3933    0.4538    0.3731    0.4059    0.4404    0.4940    0.5479    0.5074    0.4598    0.4962    0.4531    0.4751    0.4975    0.5305    0.5092    0.5251    0.5460    0.5183    0.5303    0.5577    0.5385    0.5155    0.5289    0.5428    0.5630    0.5841
    0.4788    1.0054    1.2725    0.9667    1.1400    0.8753    0.9595    0.7880    0.5960    0.6893    0.7622    0.8315    0.8884    0.8128    0.8484    0.8958    0.8437    0.8977    0.9248    0.8915    0.9243    0.9461    0.9150    0.8543    0.8834    0.8277    0.8520    0.8134    0.7641    0.7801    0.7923    0.8147    0.7843    0.7275    0.7479    0.7636    0.7805    0.8090    0.7774    0.7896
    0.4788    1.0054    1.2725    1.5570    1.2630    1.0965    1.2068    1.3351    1.4355    1.5226    1.4394    1.5106    1.4332    1.3648    1.4040    1.3547    1.3922    1.3212    1.2121    1.2545    1.1642    1.0763    0.9939    1.0198    1.0575    1.0785    1.1056    1.1233    1.0804    1.1024    1.0666    1.0820    1.0425    1.0548    1.0133    1.0300    0.9925    0.9295    0.9445    0.9602
    0.4788    1.0054    1.2725    1.5570    1.2630    1.4150    1.5404    1.6850    1.5721    1.6543    1.5839    1.6500    1.5705    1.4811    1.4085    1.3017    1.1658    1.2118    1.1231    1.1670    1.0922    1.1332    1.1677    1.0925    1.0152    0.8878    0.9245    0.9563    0.9779    1.0077    0.9679    0.9891    1.0066    1.0270    0.9800    0.9965    0.9545    0.9014    0.9225    0.9434
    0.4788    1.0054    0.4388    0.0575    0.3010    0.4858    0.6028    0.7011    0.8142    0.6888    0.7575    0.8277    0.8865    0.7911    0.8520    0.7792    0.6847    0.6162    0.6571    0.5919    0.6201    0.6589    0.7120    0.7583    0.7098    0.7420    0.7050    0.7228    0.6755    0.6923    0.7174    0.7396    0.7104    0.6664    0.6819    0.6306    0.6498    0.6609    0.6719    0.6831
    0.4788    1.0054    1.2725    0.9667    0.6907    0.3769    0.5674    0.6850    0.7732    0.8543    0.9195    0.8101    0.7168    0.5975    0.6512    0.5947    0.6265    0.6809    0.7203    0.7518    0.7138    0.6650    0.6972    0.7440    0.6959    0.7160    0.7470    0.7771    0.7977    0.7781    0.7928    0.8154    0.7846    0.7479    0.7044    0.6545    0.6697    0.6829    0.7004    0.7189
   -0.6012   -0.2943   -0.0420    0.1742    0.3886    0.6422    0.4287    0.5466    0.6500    0.7378    0.8409    0.7194    0.6253    0.6796    0.7254    0.6536    0.7149    0.7625    0.8105    0.7653    0.7958    0.7535    0.7857    0.7353    0.7635    0.7151    0.7342    0.7646    0.7943    0.7733    0.7932    0.7744    0.7886    0.7536    0.7737    0.7456    0.7611    0.7778    0.7902    0.8180
    0.4788    1.0054    1.2725    1.5570    1.8036    1.5027    1.6458    1.4467    1.5577    1.4099    1.2934    1.0941    0.9057    0.7296    0.8286    0.8998    0.9673    1.0208    0.9465    0.9846    1.0433    1.0853    1.0265    0.9584    0.8495    0.7579    0.7886    0.8165    0.8455    0.7950    0.8207    0.8501    0.8105    0.8348    0.7947    0.8099    0.7631    0.7756    0.7897    0.8146
    0.4788    1.0054    1.2725    0.9667    0.6907    0.8280    0.9259    0.7632    0.8432    0.9177    0.9793    1.0344    1.0993    1.0384    1.0980    1.1678    1.1151    1.1541    1.2148    1.2531    1.3094    1.2648    1.2076    1.1570    1.0923    1.1166    1.0715    1.0885    1.0443    0.9575    0.9741    0.9936    1.0159    0.9761    0.9139    0.9316    0.8892    0.8523    0.8082    0.8213
    0.4788    1.0054    1.2725    0.9667    0.6907    0.8280    0.9259    1.0130    1.0891    1.0020    1.0656    1.1377    1.0635    0.9866    0.8884    0.9282    0.8589    0.8884    0.8234    0.8520    0.8779    0.8047    0.8339    0.7838    0.8096    0.8391    0.7915    0.8205    0.8400    0.8007    0.8152    0.8407    0.8162    0.8290    0.7924    0.8029    0.8190    0.8327    0.8073    0.7774
    0.4788    1.0054    1.2725    0.9667    0.6907    0.8280    0.9259    1.0130    1.0891    1.0020    1.0656    1.1377    1.2251    1.1517    1.0707    0.9692    1.0035    0.9311    0.9726    0.9946    1.0262    0.9922    1.0140    0.9731    0.9915    1.0235    1.0441    1.0732    1.0235    0.9790    0.9951    1.0192    0.9880    1.0061    1.0276    1.0452    1.0203    1.0346    1.0515    1.0319
    0.4788    0.0091    0.3135    0.5480    0.7621    0.5786    0.3717    0.4998    0.5942    0.4685    0.5424    0.6213    0.6914    0.7493    0.6782    0.7367    0.7848    0.7420    0.7726    0.8234    0.8578    0.9214    0.9831    0.9490    0.8856    0.8398    0.8631    0.8913    0.9135    0.8836    0.9054    0.8850    0.9091    0.9352    0.9605    0.9275    0.9423    0.9587    0.9253    0.9394
    0.4788    1.0054    1.2725    0.9667    1.1400    1.2385    1.3891    1.2481    1.3632    1.2587    1.1790    1.2416    1.1460    1.1868    1.1102    1.1481    1.0527    1.0950    1.1280    1.0762    0.9732    0.9970    1.0207    0.9616    0.9796    0.9992    1.0196    0.9730    0.9890    1.0044    0.9639    0.9322    0.8838    0.9035    0.8663    0.8892    0.9044    0.9254    0.9414    0.9586
    0.4788    1.0054    0.4388    0.6709    0.8081    0.6250    0.7360    0.5594    0.3934    0.4771    0.5550    0.4770    0.5592    0.6153    0.6723    0.6176    0.5631    0.5967    0.6364    0.6691    0.6212    0.5788    0.6023    0.5590    0.5872    0.6358    0.6780    0.6439    0.6743    0.6904    0.7146    0.6791    0.6366    0.6525    0.6663    0.6846    0.7091    0.7502    0.7349    0.7064
    0.4788    0.0091    0.3135    0.5480    0.7621    0.5786    0.6914    0.7833    0.8584    0.9356    1.0019    0.9282    0.9851    1.0367    0.9588    1.0216    0.9744    0.9057    0.9460    0.8807    0.9048    0.8304    0.8543    0.8804    0.9091    0.8827    0.8289    0.8523    0.8788    0.9118    0.9552    0.9221    0.9420    0.9124    0.9345    0.9042    0.9186    0.8824    0.8967    0.9140
    0.4788    1.0054    1.2725    1.5570    1.8036    2.0203    1.7328    1.5991    1.7092    1.5385    1.6282    1.4930    1.3782    1.4378    1.5177    1.5929    1.6463    1.5974    1.5393    1.5746    1.6034    1.5685    1.5957    1.5493    1.5727    1.6007    1.5347    1.5513    1.4873    1.5022    1.4561    1.4775    1.4419    1.4565    1.4730    1.4888    1.5113    1.4901    1.4647    1.4758
   -0.6012   -0.2943   -0.0420    0.1742    0.3886    0.6422    0.8317    0.9850    1.0856    1.2602    1.1117    1.0151    1.0825    1.1400    1.2082    1.2947    1.3781    1.3030    1.3678    1.4063    1.4650    1.4163    1.4643    1.4187    1.3532    1.2886    1.3206    1.2707    1.2047    1.2280    1.2551    1.2754    1.2965    1.2595    1.2328    1.2501    1.2718    1.2452    1.1666    1.1799
    0.4788    1.0054    1.2725    0.9667    0.6907    0.8280    0.9259    0.7632    0.8432    0.9177    0.9793    1.0344    1.0993    1.1870    1.1167    1.1706    1.1190    1.1569    1.2162    1.1464    1.0946    1.1231    1.1474    1.1138    1.0693    1.0859    1.0495    1.0622    1.0832    1.1052    1.1251    1.1015    1.1159    1.1498    1.1211    1.0954    1.0620    1.0725    1.0177    1.0320
    0.4788    1.0054    1.2725    0.9667    1.1400    1.2385    1.3891    1.2481    1.1414    1.2211    1.1411    1.1897    1.1258    1.1861    1.1065    1.1435    1.0504    0.9782    1.0054    1.0313    0.9360    0.8745    0.8986    0.9207    0.9496    0.9701    0.9357    0.9574    0.9741    0.9973    1.0200    1.0453    1.0673    1.0928    1.0698    1.0892    1.1213    1.1010    1.1257    1.0999
    0.4788    0.0091    0.3135    0.5480    0.7621    0.9289    1.0344    0.9122    1.0011    1.0730    1.1939    1.0988    1.1674    1.2316    1.3112    1.3877    1.3164    1.2564    1.2939    1.2286    1.2596    1.2199    1.2440    1.2756    1.2379    1.2650    1.2950    1.2667    1.2059    1.2281    1.1700    1.1836    1.1969    1.1656    1.1769    1.1942    1.2113    1.1897    1.2005    1.2189
    0.4788    1.0054    0.4388    0.6709    0.8081    0.9617    0.7700    0.8500    0.9309    0.8064    0.8619    0.9215    0.9801    0.9264    0.9846    0.9252    0.9658    1.0354    0.9931    1.0236    0.9904    0.9140    0.9340    0.8606    0.8849    0.8424    0.7909    0.8149    0.8416    0.8637    0.8952    0.8663    0.8896    0.9050    0.8784    0.8952    0.9157    0.9297    0.9469    0.9691
    0.4788    0.0091    0.3135    0.0066    0.2458    0.0714    0.1829    0.3098    0.4237    0.5107    0.6221    0.6907    0.7771    0.6832    0.7475    0.6745    0.7343    0.7813    0.8280    0.7824    0.8350    0.8625    0.8963    0.8645    0.8910    0.8643    0.8930    0.8509    0.8727    0.8950    0.8717    0.9040    0.8839    0.9044    0.9304    0.9531    0.9777    0.9448    0.9610    0.9788
    0.4788    1.0054    1.2725    0.9667    1.1400    0.8753    0.9595    0.7880    0.5960    0.3879    0.5208    0.3961    0.4691    0.5384    0.6110    0.6675    0.6144    0.6692    0.7089    0.6417    0.5832    0.5053    0.5342    0.5718    0.5329    0.5627    0.6128    0.5867    0.6062    0.5751    0.5940    0.6104    0.5827    0.6019    0.5424    0.5565    0.5702    0.5919    0.6144    0.6324
    0.4788    1.0054    0.4388    0.6709    0.8081    0.9617    0.7700    0.8500    0.7173    0.7876    0.8575    0.9163    0.8337    0.8872    0.9526    0.9067    0.8527    0.7575    0.7881    0.8164    0.8462    0.7935    0.8197    0.8500    0.8262    0.7790    0.8082    0.8279    0.8510    0.8247    0.8383    0.8627    0.8430    0.8611    0.8444    0.8558    0.8707    0.8937    0.8665    0.8885
    0.4788    0.0091    0.3135    0.5480    0.3397    0.1464    0.3028    0.4277    0.3035    0.3974    0.4711    0.5512    0.6213    0.6952    0.7497    0.6822    0.7375    0.6819    0.6212    0.6569    0.6869    0.7392    0.7852    0.8170    0.7927    0.8220    0.7755    0.8042    0.8541    0.8769    0.9099    0.8866    0.9108    0.9519    0.9782    1.0034    1.0255    1.0034    1.0280    1.0040
    0.4788    1.0054    1.2725    0.9667    1.1400    1.2385    1.0825    0.9792    1.0619    1.1256    1.0184    0.8932    0.9400    0.9810    1.0456    1.0921    1.0462    1.0729    1.1065    1.1446    1.1027    1.1423    1.1908    1.1406    1.0918    1.1154    1.1406    1.1812    1.1527    1.1730    1.2010    1.2296    1.2702    1.2445    1.2206    1.2375    1.2036    1.2225    1.1998    1.2103
    0.4788    1.0054    1.2725    1.5570    1.2630    1.4150    1.5404    1.4230    1.5192    1.4081    1.3183    1.1648    1.2147    1.2707    1.3145    1.3588    1.3060    1.3458    1.2972    1.2029    1.2300    1.2588    1.2902    1.3172    1.2707    1.1982    1.2205    1.2429    1.2184    1.2364    1.2030    1.2152    1.2272    1.2040    1.2140    1.2300    1.1976    1.1581    1.1002    1.1138
    0.4788    0.0091    0.3135    0.5480    0.7621    0.5786    0.6914    0.7833    0.8584    0.9356    1.0019    1.1199    1.0404    1.0924    1.1558    1.2359    1.3142    1.3900    1.4828    1.3902    1.3259    1.2376    1.2810    1.3207    1.3707    1.4266    1.3884    1.3274    1.3589    1.3841    1.3493    1.3702    1.3398    1.3560    1.3820    1.4080    1.3640    1.3813    1.4085    1.4574
    0.4788    0.0091    0.3135    0.5480    0.7621    0.9289    1.0344    0.9122    1.0011    1.0730    0.9917    1.0529    1.1231    1.0525    1.1157    1.1608    1.1077    1.1505    1.1029    1.0497    1.0728    1.0921    1.0271    0.9410    0.9694    0.9895    0.9104    0.8401    0.7860    0.8100    0.7715    0.7958    0.8227    0.8407    0.8618    0.8852    0.9028    0.8763    0.8488    0.8601
    0.4788    0.0091    0.3135    0.5480    0.7621    0.9289    1.0344    1.2122    1.0785    1.1516    1.2655    1.1644    1.2340    1.1581    1.0697    1.1154    1.1552    1.0803    1.0044    1.0303    1.0553    0.9570    0.8948    0.9180    0.9484    0.9699    1.0074    0.9448    0.9633    0.9178    0.8768    0.8244    0.8478    0.8703    0.8371    0.8550    0.8739    0.8859    0.8567    0.8010
    0.4788    1.0054    1.2725    1.5570    1.2630    1.0965    0.8702    0.9617    1.0442    1.1131    1.0348    0.8982    0.9519    0.8424    0.8936    0.8174    0.6805    0.7296    0.7687    0.8167    0.8734    0.8275    0.8545    0.8870    0.9129    0.8656    0.8887    0.8469    0.7992    0.8152    0.8348    0.8577    0.8901    0.8566    0.8759    0.8575    0.8696    0.8944    0.9163    0.9402
    0.4788    1.0054    0.4388    0.6709    0.8081    0.9617    0.7700    0.8500    0.9309    0.9984    0.9262    0.8194    0.8675    0.9253    0.9851    0.9242    0.9659    0.9276    0.9616    0.9856    0.9499    0.9699    0.9321    0.9514    0.9733    1.0211    0.9808    1.0043    1.0274    1.0535    1.0929    1.0587    1.0212    1.0419    1.0576    1.0370    1.0531    1.0780    1.1084    1.0895
    0.4788    1.0054    1.2725    0.9667    0.6907    0.8280    0.9259    1.0130    1.0891    1.0020    1.0656    0.9702    0.8590    0.9066    0.9633    1.0246    1.0928    1.1617    1.1123    1.0511    1.0832    1.0364    1.0636    1.0823    1.1127    1.0715    1.0948    1.0504    1.0634    1.0805    1.1015    1.1379    1.1736    1.1488    1.1743    1.2007    1.1783    1.1443    1.1084    1.1185
    0.4788    0.0091    0.3135    0.5480    0.7621    0.5786    0.6914    0.7833    0.8584    0.7301    0.6306    0.6881    0.5790    0.6350    0.6924    0.7537    0.8016    0.8487    0.9070    0.9585    1.0292    1.0963    1.0504    1.0156    0.9547    0.9759    0.9393    0.8934    0.8523    0.8738    0.8957    0.9173    0.8863    0.8541    0.8707    0.8887    0.9105    0.8838    0.8986    0.8680
    0.4788    1.0054    0.4388    0.6709    0.3755    0.5419    0.6535    0.7439    0.8469    0.9216    0.9859    0.8646    0.9233    0.9814    0.9279    0.9856    0.9264    0.9668    0.9294    0.9624    1.0188    0.9852    1.0069    1.0462    1.0798    1.1287    1.1594    1.2052    1.1571    1.1992    1.1687    1.1206    1.1416    1.0953    1.1116    1.0825    1.1031    1.0749    1.0868    1.1027
    0.4788    1.0054    1.2725    1.5570    1.2630    1.0965    0.8702    0.9617    1.0442    0.8871    0.7424    0.5595    0.6621    0.7371    0.8051    0.8663    0.8122    0.8454    0.8892    0.8399    0.8667    0.8924    0.9239    0.8949    0.9197    0.8735    0.8956    0.9227    0.9568    0.9857    0.9616    0.9884    0.9522    0.9708    0.9896    0.9557    0.9722    0.9533    0.9669    0.9428
    0.4788    1.0054    1.2725    1.5570    1.2630    1.0965    0.8702    0.9617    0.7959    0.8765    0.9511    1.0102    1.0617    1.0062    0.9364    0.9722    0.9149    0.9617    0.9990    1.0300    0.9965    1.0144    0.9744    0.9947    1.0263    1.0511    1.0949    1.0530    1.0712    1.0299    1.0521    1.0205    1.0335    1.0463    1.0118    1.0277    0.9895    0.9451    0.9606    0.9775
    0.4788    1.0054    0.4388    0.6709    0.8081    0.6250    0.7360    0.5594    0.6474    0.5483    0.6158    0.5370    0.5773    0.5036    0.5457    0.5928    0.6463    0.5933    0.5521    0.5855    0.6103    0.5695    0.5271    0.5501    0.5848    0.6322    0.6063    0.6301    0.5993    0.6169    0.6454    0.6633    0.6862    0.6538    0.6672    0.6339    0.5791    0.5287    0.5394    0.4957
    0.4788    1.0054    0.4388    0.6709    0.8081    0.9617    1.0592    0.9401    0.7831    0.8537    0.9116    0.8033    0.8659    0.7913    0.8284    0.8769    0.9366    0.9888    1.0583    1.0141    1.0441    1.0098    1.0495    1.0834    1.0504    1.0685    1.0978    1.1282    1.0985    1.1223    1.0738    1.0302    1.0477    1.0610    1.0816    1.1156    1.0941    1.0682    1.0842    1.1041
    0.4788    1.0054    1.2725    0.9667    1.1400    1.2385    1.3891    1.2481    1.3632    1.2587    1.1790    1.2416    1.1460    1.0309    0.9220    0.9611    1.0070    1.0610    0.9922    0.8871    0.7928    0.8238    0.8638    0.8874    0.9106    0.9389    0.9612    0.9283    0.9458    0.9697    0.9930    0.9604    0.9768    0.9986    1.0151    1.0392    1.0057    1.0224    0.9999    0.9670
   -0.6012   -0.2943   -0.0420    0.1742    0.3886    0.6422    0.8317    0.9850    1.0856    0.9545    1.0375    0.8839    0.9354    0.9973    0.9143    0.9549    0.9917    0.9274    0.9763    0.9357    0.9744    1.0068    1.0643    1.0275    0.9792    1.0000    1.0376    1.0088    1.0290    0.9817    0.9974    1.0126    1.0389    0.9974    1.0202    1.0463    1.0098    1.0266    1.0438    1.0705
    0.4788    1.0054    1.2725    1.5570    1.2630    1.0965    1.2068    1.0958    0.9178    1.0007    0.8695    0.9228    0.8142    0.8666    0.7461    0.7902    0.8477    0.7812    0.8139    0.7706    0.8005    0.8493    0.8744    0.9049    0.9293    0.8831    0.9047    0.8639    0.8864    0.9197    0.8985    0.9194    0.9460    0.9157    0.8834    0.8992    0.8699    0.8871    0.9018    0.9195
    0.4788    1.0054    1.2725    0.9667    1.1400    1.2385    1.3891    1.2481    1.1414    1.2211    1.1411    1.1897    1.2706    1.2070    1.2578    1.1780    1.2089    1.2501    1.2798    1.2396    1.2626    1.2252    1.1778    1.2005    1.2266    1.2551    1.2760    1.2508    1.2777    1.3113    1.3316    1.3637    1.4043    1.3706    1.3428    1.3559    1.3175    1.3312    1.3495    1.3074
    0.4788    1.0054    1.2725    1.5570    1.2630    1.4150    1.2582    1.1367    0.9446    1.0312    0.8739    0.9420    0.8091    0.6380    0.7215    0.7861    0.8469    0.9025    0.8497    0.7841    0.8165    0.8685    0.8948    0.8379    0.7604    0.7916    0.8180    0.8480    0.8077    0.8325    0.8564    0.8900    0.9153    0.8948    0.9214    0.9470    0.9143    0.9297    0.8907    0.9060
    0.4788    1.0054    1.2725    1.5570    1.2630    1.4150    1.2582    1.1367    1.2223    1.0453    1.1085    1.1773    1.2382    1.1754    1.2210    1.1680    1.0665    0.9744    1.0041    1.0317    1.0701    1.1005    1.0550    1.0757    1.0999    1.1286    1.1582    1.1979    1.1695    1.1916    1.1571    1.1758    1.1458    1.0825    1.1022    1.1165    1.1260    1.1437    1.1626    1.1435
   -0.6012   -0.2943   -0.0420    0.1742    0.3886    0.6422    0.8317    0.6431    0.7401    0.8228    0.9092    0.9814    1.0478    1.1663    1.0808    0.9891    0.8840    0.7662    0.8050    0.8600    0.9194    0.8528    0.8797    0.9059    0.9381    0.8712    0.8232    0.8484    0.8785    0.9023    0.8770    0.9115    0.9570    0.9859    1.0134    0.9748    0.9980    0.9762    0.9948    1.0199
    0.4788    1.0054    0.4388    0.0575    0.3010    0.4858    0.6028    0.7011    0.8142    0.8961    0.7751    0.8301    0.8897    0.9421    1.0328    1.0926    1.0365    0.9732    1.0174    1.0794    1.0387    0.9705    0.9083    0.8351    0.8587    0.8003    0.8252    0.8539    0.8818    0.9039    0.9373    0.9656    0.9928    1.0167    0.9933    0.9578    0.9768    0.9500    0.9663    0.9841
    0.4788    1.0054    1.2725    1.5570    1.8036    1.5027    1.2921    1.1253    1.2348    1.1203    1.1898    1.2657    1.1838    1.0844    0.9539    1.0153    0.9058    0.9470    0.8184    0.7036    0.7511    0.7889    0.8406    0.7807    0.8103    0.8376    0.7845    0.8141    0.8394    0.8686    0.8968    0.8668    0.8889    0.8483    0.8663    0.8908    0.9170    0.9424    0.9648    0.9815
    0.4788    1.0054    1.2725    0.9667    1.1400    0.8753    0.9595    1.0453    1.1139    1.2314    1.1325    1.0349    0.9223    0.9630    0.9990    0.9368    0.8687    0.8969    0.9367    0.9697    0.9929    1.0342    1.0017    0.9580    0.8782    0.8988    0.9216    0.9470    0.9718    0.9385    0.9561    0.9744    0.9966    1.0328    1.0583    1.0223    1.0396    1.0154    1.0325    1.0528
    0.4788    1.0054    1.2725    1.5570    1.8036    1.5027    1.2921    1.4363    1.2832    1.0539    1.1396    1.2290    1.1442    1.1989    1.1004    0.9662    1.0271    1.0821    1.0105    1.0397    1.0673    1.1020    1.1451    1.1072    1.0110    0.9477    0.9679    0.9893    1.0069    0.9448    0.8719    0.9001    0.9271    0.9465    0.9665    0.9341    0.9541    0.9766    0.9428    0.9576
    0.4788    1.0054    0.4388    0.6709    0.3755    0.5419    0.6535    0.4947    0.5806    0.5015    0.5502    0.4777    0.5541    0.4837    0.5256    0.4615    0.3827    0.4139    0.4472    0.4993    0.4643    0.5033    0.5447    0.5747    0.6103    0.6452    0.6931    0.6639    0.6871    0.7163    0.6839    0.7084    0.7302    0.7470    0.7302    0.7551    0.7395    0.7565    0.7691    0.7967
    0.4788    1.0054    1.2725    0.9667    0.6907    0.8280    0.5735    0.6959    0.7853    0.8668    0.9324    0.9927    0.8794    0.9412    1.0044    0.9385    0.9823    1.0566    1.1210    1.1859    1.1370    1.0767    1.0307    0.9694    0.9905    1.0079    0.9461    0.9643    0.9892    1.0135    0.9780    0.9422    0.9595    0.9774    0.9987    0.9599    0.9758    0.9507    0.9641    0.9325
    0.4788    0.0091    0.3135    0.0066    0.2458    0.0714    0.1829    0.3098    0.4237    0.5107    0.4165    0.4920    0.5699    0.6489    0.7114    0.7652    0.8146    0.7524    0.8003    0.8590    0.9108    0.8752    0.9006    0.8439    0.8710    0.8452    0.7896    0.8191    0.8433    0.8707    0.9047    0.9477    0.9136    0.8931    0.9135    0.9365    0.9076    0.9293    0.8850    0.9019
    0.4788    1.0054    1.2725    0.9667    1.1400    1.2385    1.0825    1.2306    1.1263    1.2058    1.1273    1.1768    1.0870    0.9694    1.0206    1.0694    1.0962    1.0332    1.0562    1.0796    1.1095    1.0629    1.0019    1.0182    1.0367    0.9971    1.0168    1.0396    1.0619    1.0227    1.0358    1.0488    1.0737    1.0519    1.0182    0.9769    0.9913    1.0076    0.9751    0.9893
    0.4788    1.0054    1.2725    1.5570    1.2630    1.0965    1.2068    1.3351    1.4355    1.5226    1.4394    1.3515    1.2425    1.2819    1.3284    1.3709    1.4264    1.4750    1.5291    1.6037    1.5648    1.5918    1.6293    1.5963    1.5688    1.5892    1.6090    1.5725    1.5952    1.5710    1.5865    1.6126    1.5797    1.5407    1.5564    1.5758    1.5567    1.5685    1.5520    1.5171
    0.4788    1.0054    1.2725    0.9667    1.1400    0.8753    0.6009    0.7171    0.7995    0.8649    0.9313    0.9881    1.0395    0.9616    0.8991    0.9498    0.9906    1.0613    1.0162    1.0467    1.1044    1.0495    1.0072    1.0267    1.0518    1.0967    1.1255    1.0958    1.0593    1.0191    1.0367    1.0578    0.9906    1.0045    1.0209    1.0408    1.0570    1.0333    0.9890    1.0055
    0.4788    1.0054    0.4388    0.6709    0.3755    0.5419    0.6535    0.7439    0.8469    0.9216    0.9859    1.0453    0.9725    0.8698    0.9268    0.8652    0.9261    0.9670    1.0369    0.9942    1.0249    0.9915    1.0127    0.9726    0.9949    0.9547    0.9718    0.9281    0.9528    0.9704    0.9963    1.0191    1.0569    1.0254    0.9904    1.0071    1.0243    1.0505    1.0308    1.0470
    0.4788    0.0091    0.3135    0.0066    0.2458    0.4090    0.5258    0.3987    0.5014    0.5819    0.6760    0.7489    0.6622    0.7076    0.7625    0.8128    0.7497    0.7986    0.7538    0.7849    0.8367    0.8717    0.8409    0.7800    0.8066    0.8371    0.8139    0.7671    0.7964    0.8165    0.7778    0.7924    0.7618    0.7251    0.7418    0.7041    0.7179    0.7316    0.7434    0.7614
    0.4788    1.0054    1.2725    0.9667    0.6907    0.3769    0.5674    0.6850    0.7732    0.6573    0.7199    0.7907    0.8493    0.7634    0.8218    0.7557    0.7890    0.8466    0.8012    0.8288    0.8622    0.8893    0.8622    0.8177    0.8414    0.8652    0.8923    0.8689    0.9016    0.8813    0.8429    0.8600    0.8834    0.8566    0.8208    0.8327    0.8440    0.8587    0.8786    0.8553
    0.4788    1.0054    0.4388    0.6709    0.8081    0.9617    0.7700    0.8500    0.9309    0.9984    1.1147    1.2218    1.1315    1.1921    1.2705    1.2007    1.1213    1.0232    1.0671    1.1020    1.1409    1.0868    1.1085    1.1344    1.0839    1.1019    1.0610    1.0110    1.0308    0.9866    1.0019    1.0167    1.0397    1.0026    1.0199    1.0376    1.0520    1.0315    1.0083    1.0250
    0.4788    1.0054    0.4388    0.6709    0.8081    0.9617    0.7700    0.5824    0.6794    0.7642    0.8357    0.8953    0.9564    0.9041    0.8467    0.7785    0.8111    0.7654    0.7952    0.8230    0.8567    0.8840    0.9423    0.9927    0.9543    0.9811    1.0298    0.9882    0.9455    0.8928    0.8474    0.8695    0.8942    0.9104    0.9355    0.9578    0.9175    0.8844    0.8996    0.9102
    0.4788    1.0054    0.4388    0.6709    0.8081    0.9617    1.0592    0.9401    1.0215    0.8762    0.9300    0.8184    0.8688    0.7933    0.8307    0.8795    0.8276    0.7794    0.8097    0.8380    0.7825    0.7223    0.7519    0.7027    0.7196    0.7386    0.7686    0.7326    0.7489    0.7693    0.7927    0.7743    0.7451    0.7098    0.7263    0.7439    0.7571    0.7694    0.7971    0.8144
    0.4788    1.0054    1.2725    0.9667    1.1400    1.2385    1.3891    1.5579    1.4104    1.2751    1.1659    1.2456    1.1640    1.2341    1.1359    1.1789    1.0635    1.1059    1.1481    1.1939    1.2497    1.2868    1.2438    1.2922    1.2311    1.2553    1.2099    1.2345    1.2542    1.2278    1.1919    1.1060    1.1206    1.1361    1.1557    1.1686    1.1870    1.2202    1.1867    1.1530
    0.4788    1.0054    0.4388    0.0575    0.3010    0.4858    0.6028    0.7011    0.8142    0.6888    0.7575    0.8277    0.8865    0.9423    0.8895    0.9442    0.8826    0.9415    0.8729    0.9006    0.9345    0.9020    0.9243    0.9492    0.9191    0.9466    0.9826    1.0305    0.9895    0.9474    0.9655    0.9332    0.8895    0.9096    0.9321    0.9014    0.9161    0.9323    0.9008    0.9148
    0.4788    1.0054    0.4388    0.6709    0.8081    0.9617    1.0592    1.2259    1.3710    1.2200    1.1267    1.0221    0.9008    0.9609    0.8603    0.7360    0.6270    0.6793    0.7207    0.7753    0.8192    0.8718    0.8968    0.8420    0.7827    0.8090    0.7671    0.7935    0.8226    0.8422    0.8649    0.8975    0.8776    0.8451    0.8579    0.8763    0.9012    0.8743    0.8958    0.9106
    0.4788    1.0054    1.2725    0.9667    0.6907    0.8280    0.9259    1.0130    0.8508    0.9333    0.8090    0.8676    0.9061    0.9647    0.8971    0.9597    0.8856    0.9127    0.8479    0.8741    0.8997    0.8703    0.8969    0.8496    0.8731    0.9016    0.8765    0.8986    0.8699    0.8915    0.8583    0.8752    0.8571    0.8198    0.8323    0.8440    0.8061    0.8157    0.8288    0.8046
    0.4788    1.0054    0.4388    0.6709    0.8081    0.9617    1.0592    1.2259    1.0971    1.1647    1.0673    1.1236    1.1902    1.1213    1.1806    1.1242    1.1599    1.0901    1.1276    1.1694    1.1299    1.1572    1.1877    1.2196    1.2629    1.2280    1.1874    1.2069    1.1591    1.1726    1.1859    1.1551    1.1730    1.1907    1.1692    1.1805    1.1994    1.2337    1.2142    1.2323
    0.4788    1.0054    1.2725    0.9667    0.6907    0.8280    0.9259    0.7632    0.8432    0.7219    0.7789    0.6855    0.7351    0.7913    0.7275    0.7650    0.8127    0.7684    0.7986    0.7568    0.7889    0.8224    0.8478    0.9044    0.9327    0.9051    0.8640    0.8865    0.9199    0.8985    0.8586    0.8758    0.8996    0.9252    0.9500    0.9721    1.0074    0.9795    0.9451    0.9609
    0.4788    0.0091    0.3135    0.0066    0.2458    0.0714    0.1829    0.3098    0.4237    0.5107    0.6221    0.5006    0.5812    0.6641    0.7292    0.7845    0.8351    0.7696    0.8183    0.8780    0.9305    1.0017    1.0697    1.1294    1.0869    1.1234    1.0848    1.0402    1.0658    1.0958    1.0561    1.0730    1.0249    1.0433    1.0655    1.0263    1.0477    1.0652    1.0993    1.1332
    0.4788    1.0054    1.2725    0.9667    1.1400    1.2385    1.0825    1.2306    1.1263    1.2058    1.3019    1.2207    1.2792    1.3249    1.4086    1.4757    1.4189    1.4730    1.4213    1.3479    1.2806    1.1849    1.0928    1.1257    1.1593    1.0908    1.1108    1.0061    1.0290    1.0546    1.0723    1.0316    1.0456    1.0678    1.0907    1.1113    1.1263    1.1532    1.1780    1.1567
    0.4788    1.0054    1.2725    1.5570    1.2630    1.0965    1.2068    1.0958    1.1650    1.2412    1.3309    1.4130    1.3281    1.2289    1.1474    1.1858    1.2186    1.2617    1.3162    1.2696    1.2118    1.2412    1.2637    1.2911    1.3215    1.3670    1.3341    1.2940    1.2416    1.2609    1.2776    1.2388    1.1596    1.1731    1.1842    1.2011    1.1595    1.1712    1.1386    1.1515
    0.4788    0.0091    0.3135    0.5480    0.7621    0.5786    0.6914    0.7833    0.8584    0.7301    0.6306    0.6881    0.7354    0.7927    0.8449    0.7765    0.8267    0.7784    0.7336    0.6689    0.7012    0.7336    0.6854    0.6106    0.5422    0.5777    0.5304    0.5532    0.5745    0.5929    0.5619    0.5769    0.5973    0.6265    0.6507    0.6723    0.6909    0.6654    0.6764    0.6876
    0.4788    1.0054    1.2725    0.9667    1.1400    1.2385    1.3891    1.2481    1.1414    1.2211    1.3127    1.3970    1.3130    1.3577    1.2968    1.3422    1.2879    1.2207    1.2499    1.2752    1.3086    1.2572    1.1900    1.2141    1.2421    1.2632    1.2367    1.1867    1.2058    1.2182    1.2454    1.2792    1.2997    1.3316    1.3557    1.3951    1.4216    1.4052    1.3657    1.3332
    0.4788    0.0091    0.3135    0.0066    0.2458    0.4090    0.5258    0.6686    0.7533    0.6424    0.7143    0.7869    0.8515    0.9072    0.9600    0.9074    0.8374    0.7711    0.8031    0.8598    0.9096    0.9425    0.9102    0.9334    0.9577    0.9275    0.9544    0.9210    0.9468    0.9128    0.9311    0.9105    0.9294    0.8916    0.9138    0.9375    0.9585    0.9741    1.0073    0.9812
    0.4788    0.0091    0.3135    0.5480    0.7621    0.9289    1.0344    0.9122    1.0011    1.0730    0.9917    0.8644    0.9122    0.9552    0.8286    0.8875    0.9507    1.0052    0.9312    0.9663    0.9295    0.8514    0.8753    0.8975    0.9222    0.9497    0.9159    0.9424    0.9717    0.9476    0.9657    0.9922    0.9561    0.9121    0.8741    0.8434    0.8596    0.8771    0.8881    0.9026
   -0.6012   -0.2943   -0.0420    0.1742    0.3886    0.6422    0.8317    0.6431    0.7401    0.8228    0.9092    0.7792    0.8369    0.8991    0.9535    0.9004    0.9537    1.0102    1.0659    1.1380    1.2015    1.2644    1.3267    1.2682    1.3027    1.2618    1.2958    1.3412    1.3003    1.3285    1.3575    1.3264    1.3494    1.3845    1.4304    1.3989    1.4236    1.3874    1.4041    1.4230
    0.4788    1.0054    1.2725    0.9667    0.6907    0.8280    0.5735    0.6959    0.7853    0.6661    0.5671    0.4312    0.3088    0.3919    0.4553    0.5153    0.4509    0.4883    0.4423    0.4765    0.5345    0.4927    0.5262    0.4826    0.5037    0.5340    0.5695    0.6178    0.5828    0.6233    0.6526    0.6810    0.7046    0.6620    0.6772    0.6451    0.6587    0.6257    0.6370    0.6145
    0.4788    1.0054    0.4388    0.6709    0.8081    0.6250    0.7360    0.8219    0.9051    0.9743    0.8473    0.7456    0.7907    0.8532    0.7788    0.8136    0.8752    0.8240    0.8530    0.8883    0.8559    0.8836    0.8564    0.8862    0.9084    0.8824    0.9094    0.9434    0.9094    0.9294    0.9088    0.9286    0.8962    0.9116    0.8848    0.9014    0.9219    0.8910    0.8535    0.8641
    0.4788    1.0054    1.2725    0.9667    1.1400    1.2385    1.3891    1.5579    1.7304    1.5821    1.6773    1.5931    1.4664    1.3535    1.2606    1.3252    1.2134    1.1182    1.1668    1.2070    1.2570    1.3180    1.2666    1.2021    1.1233    1.1563    1.1859    1.1297    1.1489    1.1671    1.1895    1.2139    1.2440    1.2183    1.1829    1.1952    1.2140    1.1896    1.1442    1.0783
    0.4788    0.0091    0.3135    0.5480    0.7621    0.5786    0.3717    0.1999    0.3344    0.2266    0.1221    0.2054    0.2953    0.3717    0.3197    0.3647    0.4322    0.4833    0.5379    0.5928    0.6371    0.6681    0.7069    0.7590    0.8050    0.7566    0.7839    0.8136    0.8672    0.8435    0.8053    0.8249    0.8477    0.8218    0.8468    0.8275    0.7907    0.8075    0.8217    0.8392
    0.4788    1.0054    1.2725    0.9667    1.1400    1.2385    1.0825    0.9792    1.0619    1.1256    1.1986    1.1237    1.0387    1.0859    1.1325    1.2029    1.2446    1.1921    1.2346    1.2714    1.2293    1.1902    1.1365    1.0717    0.9783    0.9998    1.0214    1.0458    1.0627    1.0159    1.0297    1.0473    1.0096    1.0229    0.9849    0.9986    1.0148    1.0343    1.0502    1.0749
    0.4788    1.0054    1.2725    0.9667    0.6907    0.8280    0.9259    1.0130    0.8508    0.9333    0.9998    0.9131    0.7796    0.8224    0.8817    0.8265    0.8737    0.7730    0.8045    0.8336    0.8688    0.8034    0.8309    0.7851    0.8127    0.8432    0.8202    0.8404    0.8640    0.8978    0.8746    0.8413    0.8545    0.8156    0.8284    0.8384    0.7992    0.8134    0.8308    0.8517
    0.4788    0.0091    0.3135    0.5480    0.7621    0.9289    1.0344    1.2122    1.0785    1.1516    1.2655    1.1644    1.2340    1.1581    1.2207    1.1302    1.0226    1.0642    1.1060    1.1514    1.1818    1.1405    1.1590    1.1902    1.1420    1.1590    1.1803    1.1499    1.1630    1.1176    1.1317    1.1509    1.1273    1.1459    1.1706    1.1962    1.1747    1.1938    1.1754    1.1944
    0.4788    1.0054    1.2725    1.5570    1.2630    1.0965    1.2068    1.0958    1.1650    1.2412    1.3309    1.2476    1.2990    1.2297    1.1454    1.1855    1.2194    1.1546    1.1865    1.2196    1.2547    1.2163    1.1613    1.0951    1.1142    1.0130    0.9290    0.9488    0.9760    0.9085    0.9273    0.8594    0.8828    0.9081    0.8706    0.8900    0.9096    0.9291    0.9507    0.9203
    0.4788    1.0054    0.4388    0.6709    0.8081    0.9617    1.0592    0.9401    0.7831    0.8537    0.7017    0.7815    0.8441    0.9073    0.8457    0.8955    0.9530    0.9136    0.8472    0.8741    0.7984    0.8248    0.8530    0.8073    0.8321    0.7835    0.8133    0.7627    0.7791    0.7915    0.8146    0.8402    0.8716    0.9111    0.9526    0.9211    0.9457    0.9142    0.9308    0.8985
    0.4788    1.0054    1.2725    0.9667    1.1400    1.2385    1.3891    1.5579    1.4104    1.5198    1.3877    1.4810    1.3812    1.2605    1.3161    1.2230    1.2606    1.3086    1.2567    1.1504    1.0530    1.0970    1.0193    0.8947    0.9290    0.9594    0.9803    1.0095    1.0298    1.0558    1.0854    1.0474    1.0661    1.0900    1.1116    1.1480    1.1747    1.1440    1.1654    1.1437
    0.4788    0.0091    0.3135    0.5480    0.7621    0.9289    1.0344    0.9122    1.0011    1.0730    0.9917    1.0529    1.1231    1.2086    1.2911    1.3710    1.3000    1.2397    1.2788    1.3195    1.3728    1.3228    1.2621    1.2947    1.3199    1.2713    1.2185    1.1565    1.0672    1.0838    1.0051    1.0294    1.0462    1.0681    1.0906    1.1109    1.1256    1.0983    1.1173    1.1372
    0.4788    0.0091   -0.3957   -0.1501    0.0317    0.2284    0.3854    0.5031    0.6492    0.7373    0.8451    0.9236    0.9910    1.0532    0.9757    1.0285    1.0916    1.0328    0.9669    0.8597    0.9078    0.9468    0.8831    0.9084    0.9305    0.8662    0.8963    0.8522    0.8751    0.8982    0.8738    0.9074    0.9517    0.9799    1.0069    1.0305    1.0067    1.0284    0.9991    1.0167
    0.4788    1.0054    1.2725    1.5570    1.2630    1.0965    1.2068    1.3351    1.2274    1.2778    1.3645    1.2835    1.1865    1.2384    1.1610    1.0581    0.9598    1.0054    1.0317    0.9655    0.9932    0.9004    0.9238    0.9579    0.9859    1.0056    1.0408    1.0018    1.0213    0.9768    0.9920    1.0067    1.0283    1.0498    1.0204    1.0404    1.0555    1.0711    1.0956    1.0761
    0.4788    1.0054    1.2725    0.9667    1.1400    1.2385    1.0825    1.2306    1.1263    1.2058    1.1273    1.1768    1.2384    1.2859    1.3547    1.2939    1.2234    1.1227    1.1560    1.1903    1.1375    1.1652    1.1139    1.1318    1.1469    1.0632    1.0865    1.1025    1.1260    1.1002    1.1204    1.1402    1.1175    1.1318    1.1576    1.1815    1.1609    1.1798    1.1623    1.1786
    0.4788    1.0054    0.4388    0.6709    0.8081    0.6250    0.7360    0.8219    0.9051    0.7813    0.8498    0.9078    0.9675    0.9147    0.9770    1.0315    0.9868    1.0237    0.9829    1.0132    0.9811    1.0021    0.9633    0.8842    0.9041    0.9264    0.9514    0.9800    0.9388    0.9568    0.9756    1.0010    1.0234    1.0607    1.0866    1.1219    1.0981    1.1251    1.1036    1.0684
    0.4788    1.0054    1.2725    1.5570    1.8036    1.5027    1.6458    1.4467    1.2789    1.4093    1.2977    1.1092    1.1757    1.2473    1.3006    1.3544    1.2930    1.3399    1.3963    1.3500    1.2806    1.3071    1.3430    1.3717    1.3951    1.4354    1.3997    1.3551    1.3720    1.3915    1.3541    1.3696    1.3266    1.2695    1.2133    1.2253    1.2371    1.2533    1.2287    1.2379
    0.4788    1.0054    0.4388    0.6709    0.8081    0.9617    0.7700    0.8500    0.9309    0.8064    0.6732    0.5878    0.6458    0.6917    0.7522    0.6910    0.6241    0.6492    0.6822    0.7157    0.6811    0.7171    0.7633    0.7912    0.8215    0.8765    0.8519    0.8126    0.8324    0.7929    0.8077    0.8214    0.7905    0.8103    0.7876    0.8044    0.8187    0.8019    0.8136    0.8304
    0.4788    1.0054    1.2725    0.9667    1.1400    0.8753    0.9595    1.0453    0.8900    0.7193    0.7902    0.8576    0.8941    0.9503    0.8867    0.8339    0.7701    0.8015    0.8298    0.8567    0.8018    0.8307    0.8555    0.8310    0.7894    0.8143    0.8423    0.8653    0.8382    0.7916    0.8057    0.8188    0.8427    0.8060    0.8161    0.8319    0.8149    0.8282    0.8484    0.8832
    0.4788    1.0054    1.2725    0.9667    1.1400    1.2385    1.0825    0.9792    0.8068    0.5825    0.3491    0.5087    0.6047    0.6794    0.5985    0.6524    0.5883    0.6201    0.5667    0.5044    0.4160    0.4702    0.5024    0.5570    0.5048    0.5420    0.5785    0.5533    0.5805    0.5244    0.5413    0.5614    0.5788    0.6173    0.5885    0.5620    0.5812    0.5941    0.6153    0.6374
    0.4788    1.0054    0.4388    0.6709    0.8081    0.6250    0.7360    0.8219    0.9051    0.9743    1.0379    0.9622    0.8549    0.9162    0.9823    0.9168    0.9599    0.9211    0.8561    0.8817    0.9071    0.8264    0.8545    0.8088    0.8336    0.8584    0.8185    0.8384    0.8616    0.8345    0.8600    0.8999    0.8802    0.9062    0.8779    0.8957    0.9175    0.8849    0.8453    0.8568
    0.4788    1.0054    1.2725    0.9667    1.1400    1.2385    1.0825    0.9792    0.8068    0.8838    0.9436    0.8274    0.6899    0.7479    0.8111    0.8690    0.8169    0.8482    0.7863    0.8160    0.7738    0.8016    0.7417    0.7759    0.8024    0.8323    0.8567    0.8843    0.8555    0.8779    0.9028    0.8830    0.8994    0.9249    0.9497    0.9717    0.9523    0.9683    0.9436    0.9608
    0.4788    1.0054    1.2725    1.5570    1.2630    1.0965    1.2068    1.0958    1.1650    1.0448    0.8993    0.9756    1.0342    1.1007    1.1468    1.2162    1.1624    1.2017    1.2433    1.1979    1.2325    1.1945    1.2245    1.1911    1.1275    1.1444    1.0605    1.0774    1.0997    1.0566    1.0725    1.0933    1.0512    1.0631    1.0788    1.0901    1.1160    1.0895    1.1074    1.1262
