      0.28     -3.43      0.19
      0.36     -3.33      0.18
      0.37     -2.94      0.18
      0.46     -2.74      0.20
      0.35     -2.67      0.21
      0.38     -2.51      0.24
      0.28     -2.27      0.26
      0.59     -2.06      0.16
      0.55     -1.45      0.34
      0.51     -1.45      0.15
      0.64     -1.29      0.15
      0.84     -1.23      0.13
      0.77     -1.06      0.12
      0.70     -0.99      0.21
      0.48     -0.95      0.17
      1.06     -0.91      0.50
      0.51     -1.85      0.14
      0.84     -1.46      0.17
      1.01     -1.43      0.18
      1.11     -1.40      0.20
      0.51     -1.81      0.16
      0.49     -1.78      0.19
      0.79     -1.74      0.17
      1.02     -1.70      0.33
      0.35     -1.56      0.21
      0.51     -1.48      0.17
      0.74     -1.25      0.10
      0.52     -1.24      0.29
      1.22     -0.81      0.21
      0.94     -0.78      0.36
      0.80     -0.77      0.35
      1.17     -0.77      0.17
      1.15     -0.67      0.35
      1.49     -0.53      0.19
      0.77     -0.37      0.20
      0.71     -0.30      0.12
      1.19     -1.32      0.13
      0.60     -1.27      0.23
      0.62     -1.24      0.10
      0.96     -1.21      0.11
      0.38     -1.05      0.20
      0.87     -1.00      0.22
      0.95     -0.93      0.07
      0.67     -0.88      0.18
      0.84     -0.74      0.12
      0.57     -0.74      0.23
      0.78     -0.69      0.26
      0.46     -0.68      0.21
      1.10     -0.25      0.05
      0.47     -0.22      0.29
      0.94     -0.20      0.18
      1.07     -0.19      0.08
      0.74     -0.18      0.07
      1.30     -0.17      0.15
      0.75     -0.16      0.28
      1.18     -0.15      0.50
      0.91     -1.20      0.09
      0.91     -1.12      0.14
      0.59     -1.03      0.10
      0.44     -0.94      0.09
      0.85     -0.60      0.33
      0.73     -0.60      0.11
      0.90     -0.54      0.14
      1.02     -0.50      0.25
      1.08     -0.47      0.17
      0.96     -0.45      0.12
      0.79     -0.38      0.29
      0.75     -0.37      0.20
      1.23     -0.10      0.10
      0.80     -0.10      0.09
      0.85     -0.09      0.27
      0.61     -0.08      0.28
      1.08     -0.03      0.34
      0.73     -0.02      0.30
      0.76      0.06      0.14
      1.11      0.07      0.17
      0.76     -0.83      0.20
      1.09     -0.72      0.17
      0.86     -0.69      0.08
      0.65     -0.63      0.17
      0.81     -0.32      0.15
      0.61     -0.29      0.19
      0.68     -0.24      0.18
      0.63     -0.21      0.22
      1.09     -0.19      0.18
      0.77     -0.19      0.25
      0.87     -0.12      0.18
      1.00     -0.10      0.41
      1.22      0.10      0.06
      1.00      0.11      0.09
      1.19      0.12      0.26
      1.17      0.13      0.19
      1.14      0.21      0.18
      0.95      0.23      0.16
      0.74      0.23      0.08
      0.95      0.27      0.34
      1.05     -0.60      0.09
      0.84     -0.55      0.27
      0.64     -0.54      0.19
      1.05     -0.51      0.08
      0.83     -0.08      0.17
      0.50     -0.06      0.11
      0.94     -0.05      0.15
      0.92     -0.04      0.18
      0.90     -0.03      0.21
      0.95     -0.01      0.06
      0.72      0.00      0.10
      0.63      0.01      0.50
      0.65      0.31      0.50
      1.33      0.32      0.09
      0.89      0.33      0.15
      0.67      0.35      0.26
      0.74      0.37      0.19
      1.08      0.37      0.03
      1.11      0.38      0.20
      0.61      0.44      0.11
      1.35     -0.47      0.10
      1.08     -0.44      0.16
      0.67     -0.42      0.16
      0.97     -0.41      0.05
      1.42      0.06      0.15
      0.86      0.07      0.21
      1.12      0.08      0.09
      1.04      0.09      0.16
      0.90      0.10      0.13
      0.85      0.11      0.09
      0.99      0.15      0.12
      0.94      0.16      0.15
      1.39      0.48      0.12
      1.47      0.50      0.16
      0.70      0.51      0.10
      0.82      0.51      0.13
      0.94      0.52      0.19
      0.91      0.55      0.27
      1.09      0.56      0.27
      1.05      0.60      0.17
      0.72     -0.35      0.07
      0.85     -0.26      0.15
      1.00     -0.07      0.28
      0.66     -0.04      0.15
      1.02      0.19      0.34
      0.52      0.23      0.22
      0.72      0.28      0.09
      0.53      0.30      0.15
      1.48      0.33      0.13
      1.01      0.33      0.24
      1.27      0.35      0.10
      0.82      0.36      0.19
      0.93      0.68      0.14
      1.27      0.69      0.09
      1.21      0.70      0.50
      1.32      0.70      0.11
      1.17      0.72      0.08
      1.73      0.73      0.14
      1.19      0.74      0.16
      1.09      0.76      0.13
      0.75     -0.03      0.14
      1.21     -0.03      0.16
      0.81      0.02      0.18
      1.12      0.06      0.19
      0.81      0.47      0.08
      1.15      0.50      0.09
      1.05      0.51      0.07
      0.74      0.52      0.21
      0.78      0.55      0.28
      0.85      0.56      0.31
      0.78      0.58      0.18
      1.36      0.60      0.28
      0.93      0.78      0.14
      1.00      0.79      0.17
      0.71      0.79      0.23
      1.00      0.82      0.10
      1.43      0.85      0.12
      1.54      0.88      0.27
      0.75      0.95      0.19
      0.54      0.96      0.14
      0.99      0.07      0.11
      1.52      0.13      0.18
      1.16      0.15      0.34
      0.79      0.17      0.05
      0.91      0.68      0.15
      0.90      0.68      0.20
      1.18      0.71      0.35
      0.83      0.71      0.03
      0.64      0.74      0.32
      0.85      0.75      0.13
      1.06      0.78      0.11
      0.95      0.78      0.22
      1.16      1.02      0.06
      0.80      1.03      0.15
      1.04      1.03      0.30
      0.81      1.04      0.29
      0.96      1.09      0.23
      1.10      1.11      0.22
      0.84      1.17      0.14
      1.43      1.19      0.28
      1.25      0.24      0.21
      0.77      0.40      0.31
      0.86      0.40      0.42
      1.08      0.41      0.12
      1.38      0.80      0.19
      1.02      0.84      0.38
      1.10      0.87      0.24
      0.76      0.88      0.13
      0.71      0.92      0.09
      0.41      0.92      0.15
      0.97      0.93      0.29
      0.92      0.95      0.24
      1.32      1.27      0.26
      1.23      1.28      0.29
      0.74      1.28      0.08
      0.60      1.29      0.34
      1.02      1.33      0.23
      1.48      1.35      0.10
      0.74      1.36      0.23
      0.63      1.36      0.06
      1.57      0.48      0.21
      0.90      0.52      0.26
      1.12      0.57      0.24
      0.81      0.62      0.31
      0.74      1.03      0.49
      1.23      1.06      0.26
      0.76      1.09      0.31
      0.92      1.11      0.30
      0.78      1.15      0.25
      0.50      1.17      0.16
      1.24      1.20      0.17
      0.70      1.24      0.18
      1.41      1.37      0.13
      1.36      1.39      0.27
      1.28      1.43      0.10
      0.92      1.44      0.15
      1.48      1.48      0.16
      1.25      1.51      0.25
      1.29      1.52      0.15
      1.49      1.52      0.19
      1.07      0.70      0.16
      1.06      0.71      0.22
      1.67      0.73      0.10
      1.18      0.82      0.07
      0.92      1.27      0.10
      1.00      1.29      0.20
      1.09      1.29      0.14
      1.11      1.30      0.24
      1.30      1.37      0.07
      0.98      1.37      0.18
      0.85      1.38      0.09
      1.09      1.40      0.28
      0.82      1.55      0.31
      1.10      1.56      0.10
      1.35      1.57      0.15
      1.26      1.68      0.16
      2.19      1.70      0.22
      0.88      1.75      0.19
      1.01      1.82      0.19
      1.94      1.84      0.19
      1.22      1.02      0.10
      0.96      1.11      0.14
      0.85      1.12      0.17
      1.26      1.15      0.24
      0.94      1.41      0.08
      0.78      1.44      0.09
      1.02      1.46      0.09
      0.90      1.49      0.20
      1.16      1.54      0.24
      0.95      1.60      0.16
      1.08      1.69      0.24
      1.35      1.70      0.13
      1.17      1.94      0.11
      1.38      1.97      0.30
      2.06      2.00      0.19
      1.61      2.01      0.09
      1.57      2.03      0.15
      0.83      2.05      0.13
      0.96      2.14      0.17
      0.72      2.16      0.14
      1.09      1.24      0.26
      1.24      1.79      0.21
      0.87      1.80      0.17
      0.76      1.83      0.09
      0.98      1.79      0.23
      0.91      1.97      0.08
      1.15      1.99      0.11
      1.80      2.01      0.19
      0.88      2.24      0.07
      0.71      2.26      0.15
      1.59      2.30      0.10
      0.74      2.58      0.13
      1.20      2.24      0.16
      1.63      2.27      0.08
      0.94      2.27      0.25
      0.90      2.30      0.15
      1.21      2.38      0.15
      0.37      2.57      0.15
      0.65      2.66      0.39
      0.92      2.93      0.23
      1.09      1.89      0.18
      1.14      1.99      0.25
      0.78      2.07      0.09
      1.24      2.08      0.11
