choose module = 
         1         2
         7         2
         7        14
         7         2
         5         8
         6         9
         4        12
         3        10
        11         1
         5         3
         6         4
         8         9
        10        12
        11        13
         1        13
         5        13
         6         8
         4         2
         9         3
        10        12
        11         1
        14        15
         7         2
         5         3
         6         8
         4         1
         9        10
        11        12
         7         8
         5         2
         6        13
         4         3
         9         1
        10        11
         7         5
         6         8
         4         3
         9        14
         2        10
        11         1
        12        13
         7         8
         5         9
         6         4
         3        12
         2        10
        11         1
         7         8
         5         6
         4         2
         9         3
        10         1
        11        12
        12        13
         7         4
         5         6
         8         9
         3        12
         2        10
        11         1
         7         2
         5         4
         6         8
         9         3
        10         1
        11        12
         7         5
         6        12
         8         9
         4        13
         3        13
         2        10
        11        13
         7         8
         5         2
         6        13
         4         9
         3        10
        11        12
         7        12
         5         8
         6         9
         4        13
         3         2
        10        13
        11         1
         7         2
         5         3
         6        12
         8         9
         4        10
        11        14
         7         2
         5         8
         6        13
         4         3
         9         1
        10         1
         7         5
         6         4
         8         3
         9         2
        10         1
        11         1
        11         1
         7         2
         5         4
         6         3
         8        12
         9        12
        10        11
         7         4
         5         8
         6        12
         9        12
         3         2
        10        11
         7         2
         5        12
         6         3
         8         9
         4        13
        10        11
         1        13
         7         8
         5         6
         4         3
         9         2
        10        14
        11        12
         7         4
         5         6
         8         2
         9         3
        10        11
         1        12
         1        13
         7         4
         5         2
         6         3
         8        12
         9         1
        10        11
         7         5
         6         8
         4        12
         9         2
         3        13
        10         1
         7         2
         5         8
         6        13
         4         3
         9        10
        11         1
        11         1
         7         2
         5         8
         6         9
         4         3
        10        12
        11         1
         7         2
         5         8
         6         4
         9        10
         3         1
        11        12
         1        12
         7         5
         6         2
         8         3
         4         9
        10         1
        11        12
         7        12
         5         8
         6        13
         4        13
         9         2
         3        13
         7         5
         6         2
         8         9
         4        10
         3        10
        11         1
        11         1
         7         4
         5         2
         6         8
         9         3
        10        11
         1        12
         7         8
         5         6
         4         3
         9        12
         2        10
        11         1
        12        13
         7         5
         6         4
         8         2
         9         3
        10        14
        11         1
         7         5
         6         2
         8         9
         4        12
         3         1
        10        11
         7         4
         5         2
         6         8
         9         3
        10        11
         1        12
        12        13
         7         8
         5         4
         6        12
         9         2
         3         1
        10        11
         7        14
         5        12
         6         2
         8         4
         9         3
        10        11
         7         5
         6         8
         4         2
         9         3
        10        11
         1        12
         1        13
         7         5
         6         2
         8         9
         4        12
         3        10
        11         1
         7         4
         5         2
         6         3
         8         9
        10         1
        11        12
        13        14
         7        13
         5         2
         6        13
         8         4
         9         3
        10         1
         7         8
         5         9
         6        12
         4        13
         3        13
         2         1
         7         2
         5         4
         6        13
         8         3
         9         1
        10        11
        10        11
         7        13
         5         4
         6        13
         8         2
         9        12
         3         1
         7         2
         5        12
         6        12
         8         9
         4         3
        10        11
        10        15
         7         8
         5         2
         6         3
         4         1
         9        12
        10        13
         7         5
         6         2
         8         3
         4         1
         9         1
        10        12
         7         5
         6        13
         8         2
         4         9
         3         1
        10        11
        11        12
         7         8
         5         2
         6         4
         9        10
         3         1
        11        12
         7         4
         5         2
         6         3
         8         1
         9        10
        11        13
         7        12
         5         6
         8         9
         4        10
         3        12
         2        11
        11         1
         7         5
         6         8
         4         9
         3         2
        10        13
        11         1
         7         8
         5         2
         6         4
         9        14
         3        13
        10        11
        11        13
         7         4
         5         8
         6        13
         9         2
         3         1
        10        12
         7         5
         6         4
         8         9
         3        10
         2         1
        11         1
         7         8
         5         6
         4         2
         9         3
        10        11
        11        12
        11        12
         7         5
         6         4
         8         2
         9         1
         3        10
        11         1
         7         5
         6         2
         8         9
         4         3
        10         1
        11        12
        12        13
         7         2
         5         3
         6         8
         4        12
         9        10
        11         1
         7         2
         5         1
         6         3
         8         9
         4        10
        11        12
         7         2
         5         1
         6         8
         4         9
         3        12
        10        11
        12        13
         7         5
         6         8
         4         2
         9         3
        10        12
        11         1
         7         8
         5         4
         6         3
         9         2
        10        11
         1        12
         7         2
         5         8
         6         4
         9         3
        10         1
        11        12
        12        13
         7         5
         6         8
         4         9
         3         2
        10        13
        11         1
         7         2
         5         8
         6         4
         9         3
        10        12
        11         1
        12        13
         7         8
         5        13
         6         4
         9        13
         3         2
        10        12
         7         2
         5         4
         6         8
         9         3
        10         1
        11         1
         7         8
         5        13
         6         2
         4        13
         9         3
        10        12
        11        14
         7        12
         5         2
         6         1
         8         9
         4        10
         3        13
         7        12
         5         8
         6         2
         4        12
         9        13
         3        12
        10         1
         7         8
         5         4
         6         9
         3         2
        10         1
        11        12
         7         4
         5        13
         6         8
         9         2
         3        10
        11        13
         7         8
         5         6
         4         2
         9         3
        10         1
        11         1
        11         1
         7         2
         5        13
         6         8
         4        12
         9        12
         3        10
         7         8
         5         4
         6         9
         3         2
        10        11
        11         1
        11         1
         7         5
         6         4
         8         9
         3        12
         2        10
        11        12
         7         2
         5         8
         6         3
         4        12
         9        10
        11        12
         7         8
         5         2
         6         4
         9         3
        10         1
        11         1
        11        12
         7         8
         5         9
         6         2
         4        12
         3         1
        10         1
         7        13
         5         8
         6         4
         9         3
         2        12
        10        11
         7         2
         5         8
         6         4
         9        10
         3         1
        11         1
        11        12
         7         5
         6        12
         8         9
         4        10
         3        11
         2         1
         7         4
         5         6
         8         3
         9        14
         2        12
        10        11
         1        13
         7         8
         5         2
         6         4
         9        10
         3        11
         1        12
         7        13
         5         8
         6         9
         4         2
         3        10
        11        12
         7         2
         5         6
         8         9
         4         3
        10        12
        11         1
         1        13
         7         8
         5        12
         6         2
         4         3
         9        13
        10         1
         7         8
         5         2
         6         3
         4         9
        10         1
        11        12
        11        13
         7         2
         5         4
         6         3
         8        13
         9        10
        11         1
         7         2
         5         6
         8         3
         4         9
        10         1
        11        12
         7         5
         6         8
         4        13
         9        12
         3         2
        10         1
        11        12
         7         5
         6         2
         8         9
         4        10
         3        12
        11         1
         7         2
         5         8
         6         4
         9         3
        10         1
        11        12
         7         5
         6        13
         8         4
         9         2
         3         1
        10        11
        12        13
         7         2
         5         8
         6         4
         9        12
         3        10
        11        14
         7         8
         5         9
         6         2
         4         3
        10        12
        11         1
         1        13
         7        13
         5        13
         6         8
         4         9
         3         2
        10         1
         7         4
         5         2
         6         8
         9        12
         3        10
        11         1
         7         2
         5         8
         6         4
         9         3
        10         1
        11        12
        11        12
         7         5
         6         2
         8         9
         4        12
         3         1
        10        11
         7         8
         5        13
         6        13
         4         3
         9        10
         2        11
         1        12
         7         2
         5        13
         6         8
         4         1
         9         3
        10        11
         7         2
         5         8
         6        13
         4         9
         3         1
        10        12
         7         8
         5        12
         6         9
         4         2
         3        12
        10         1
        11        13
         7         2
         5         6
         8         4
         9        12
         3         1
        10        11
         7         2
         5         1
         6         8
         4         3
         9        10
        11        12
        11        13
         7         2
         5         6
         8         9
         4         3
        10         1
        11        12
         7         5
         6         2
         8        13
         4         1
         9        10
         3        11
         7         4
         5         2
         6         8
         9        12
         3        10
        11         1
        12        13
         7         2
         5        13
         6         4
         8         3
         9         1
        10        11
         7         4
         5         8
         6         2
         9        10
         3         1
        11        12
         7         8
         5         6
         4        13
         9        12
         3        12
         2        10
        11        13
         7         2
         5         3
         6         8
         4         9
        10         1
        11         1
         7         2
         5         8
         6         4
         9        12
         3        10
        11         1
        12        13
         7        12
         5         4
         6         2
         8         9
         3         1
        10        13
         7         8
         5         4
         6         9
         3         2
        10        11
        11         1
         7         2
         5         3
         6         4
         8         1
         9        10
        11        12
        12        15
         7         8
         5         9
         6         4
         3        12
         2         1
        10        11
         7         8
         5         6
         4         3
         9        12
         2         1
        10        11
        13        14
         7         2
         5         8
         6        13
         4         9
         3         1
        10        11
         7         2
         5         1
         6         8
         4         3
         9        10
        11        12
         7        14
         5         8
         6         2
         4         3
         9         1
        10        11
        12        13
         7         8
         5         2
         6         9
         4        13
         3         1
        10        11
         7         8
         5        13
         6        12
         4         9
         3         2
        10         1
         7         8
         5         4
         6        12
         9         2
         3         1
        10        13
        11        12
         7        13
         5         8
         6         2
         4         3
         9        10
        11         1
         7        14
         5         2
         6         8
         4         9
         3         1
        10        11
        11        12
         7         5
         6         2
         8         4
         9         3
        10         1
        11        12
         7         8
         5         2
         6        12
         4        13
         9        13
         3        10
         7         2
         5         8
         6        12
         4         9
         3        10
        11         1
        11         1
         7         8
         5        12
         6         4
         9         2
         3        10
        11         1
         7         8
         5         9
         6        10
         4         3
         2        12
        11         1
        12        13
         7        12
         5         8
         6         4
         9         2
         3        10
        11        13
         7         8
         5         2
         6         9
         4         3
        10        11
         1        12
         7         4
         5        13
         6         8
         9        10
         3        11
         2        12
         1        12
         7         2
         5         8
         6        12
         4         3
         9         1
        10        11
         7         4
         5         2
         6        12
         8        14
         9         3
        10         1
        11         1
         7         8
         5         9
         6        10
         4         3
         2        12
        11         1
         7         8
         5        13
         6        12
         4         9
         3         2
        10         1
         7         8
         5         4
         6         2
         9         3
        10         1
        11        12
        11        13
         7         8
         5         2
         6         3
         4         9
        10        11
         1        12
         7         8
         5        12
         6         4
         9        14
         3         2
        10         1
         7         5
         6         2
         8        13
         4         3
         9        10
        11         1
        11        12
         7         2
         5         8
         6         9
         4        10
         3         1
        11        12
         7         4
         5         2
         6         8
         9        12
         3        10
        11         1
        13        14
         7         4
         5         8
         6         9
         3        13
         2         1
        10        11
         7         8
         5         6
         4        12
         9        13
         3        12
         2        10
         7         5
         6         8
         4        12
         9        13
         3         2
        10        13
        11        13
         7         5
         6         8
         4         9
         3        12
         2        10
        11         1
         7        12
         5         2
         6        13
         8         9
         4        13
         3        10
        11         1
         7         8
         5         4
         6         9
         3         2
        10         1
        11        12
         7         8
         5         4
         6        12
         9         3
         2        13
        10         1
         7         2
         5         3
         6        12
         8        13
         4         9
        10         1
        11         1
         7         2
         5        12
         6         1
         8         4
         9         3
        10        11
         7         2
         5         4
         6         8
         9        13
         3        10
        11         1
         7         2
         5         8
         6         4
         9         3
        10        13
        11         1
        11         1
         7         2
         5         3
