a b c content serial module panel stage
2 0.36385 -3.33036 0.1767 1 2 1 1 1
3 0.36893 -2.93842 0.18308 1 3 1 1 1
55 0.75222 -0.16255 0.27858 2 55 1 1 1
58 0.91004 -1.12367 0.13877 3 58 1 1 1
68 0.74871 -0.3736 0.19772 1 68 1 1 1
94 0.95026 0.22868 0.15552 2 94 1 1 1
116 0.61269 0.44052 0.10758 2 116 1 1 1
129 1.38875 0.47849 0.11522 2 129 1 1 1
145 1.47703 0.32935 0.12674 1 145 1 1 1
159 0.81181 0.02365 0.18466 3 159 1 1 1
143 0.72184 0.28359 0.08711 1 143 2 1 1
154 1.73185 0.73005 0.14341 2 154 2 1 1
157 0.75207 -0.03358 0.14237 3 157 2 1 1
163 1.05138 0.51094 0.07302 1 163 2 1 1
168 1.35539 0.59898 0.27613 1 168 2 1 1
171 0.71321 0.79345 0.23398 2 171 2 1 1
223 0.75578 1.08622 0.30707 1 223 2 1 1
240 1.17548 0.81871 0.07185 3 240 2 1 1
273 1.5695 2.02583 0.15193 2 273 2 1 1
291 0.93878 2.26758 0.25055 2 291 2 1 1
71 0.85096 -0.09029 0.26784 2 71 3 1 1
91 1.19155 0.11524 0.25589 2 91 3 1 1
98 0.8442 -0.5534 0.27218 3 98 3 1 1
105 0.89732 -0.03003 0.21412 1 105 3 1 1
111 0.89208 0.32987 0.14618 2 111 3 1 1
115 1.11062 0.37674 0.20046 2 115 3 1 1
124 1.04105 0.08671 0.16097 1 124 3 1 1
137 0.71958 -0.34696 0.06723 3 137 3 1 1
167 0.78154 0.57756 0.18445 1 167 3 1 1
181 0.91332 0.6779 0.14975 1 181 3 1 1
1 0.28212 -3.4292 0.188 1 1 4 1 1
5 0.35074 -2.66541 0.2052 1 5 4 1 1
75 0.75679 0.06256 0.13823 2 75 4 1 1
92 1.17228 0.13248 0.18882 2 92 4 1 1
121 1.41811 0.06245 0.14843 1 121 4 1 1
136 1.05444 0.60125 0.16527 2 136 4 1 1
158 1.20666 -0.03132 0.16188 3 158 4 1 1
200 1.08426 0.40513 0.12455 3 200 4 1 1
242 1.00433 1.29001 0.20413 1 242 4 1 1
272 1.608 2.01146 0.09196 2 272 4 1 1
4 0.46429 -2.74341 0.20093 1 4 5 1 1
7 0.28227 -2.26857 0.26074 1 7 5 1 1
80 0.65346 -0.62802 0.17127 3 80 5 1 1
93 1.13838 0.20749 0.17817 2 93 5 1 1
110 1.32618 0.31777 0.08593 2 110 5 1 1
152 1.31899 0.70483 0.11459 2 152 5 1 1
178 1.51543 0.12667 0.18331 3 178 5 1 1
262 0.77834 1.44274 0.09122 1 262 5 1 1
270 1.38278 1.96672 0.2976 2 270 5 1 1
284 1.80468 2.01305 0.18574 1 284 5 1 1
6 0.37622 -2.50664 0.2354 1 6 6 1 1
101 0.83206 -0.07859 0.17202 1 101 6 1 1
122 0.8646 0.07006 0.20903 1 122 6 1 1
127 0.99128 0.15425 0.12452 1 127 6 1 1
130 1.46518 0.49739 0.16306 2 130 6 1 1
133 0.94247 0.52405 0.19019 2 133 6 1 1
153 1.16655 0.72347 0.08417 2 153 6 1 1
160 1.12345 0.05971 0.19227 3 160 6 1 1
289 1.20437 2.24437 0.16068 2 289 6 1 1
298 1.14405 1.98778 0.25225 3 298 6 1 1
95 0.74188 0.23092 0.08413 2 95 7 1 1
96 0.95411 0.2691 0.34229 2 96 7 1 1
107 0.72185 0.00125 0.09602 1 107 7 1 1
113 0.74105 0.36816 0.1887 2 113 7 1 1
128 0.94186 0.16016 0.14885 1 128 7 1 1
149 0.93253 0.68271 0.14128 2 149 7 1 1
180 0.7895 0.16883 0.04702 3 180 7 1 1
197 1.25325 0.23521 0.21215 3 197 7 1 1
201 1.3784 0.8036 0.19098 1 201 7 1 1
224 0.91941 1.10743 0.30241 1 224 7 1 1
67 0.79089 -0.37825 0.28961 1 67 8 1 1
132 0.82096 0.51316 0.13109 2 132 8 1 1
147 1.27402 0.34729 0.10004 1 147 8 1 1
155 1.18534 0.73779 0.15533 2 155 8 1 1
169 0.92648 0.77724 0.13964 2 169 8 1 1
205 0.70849 0.91832 0.08652 1 205 8 1 1
217 1.56915 0.48487 0.2063 3 217 8 1 1
283 1.14926 1.99497 0.11357 1 283 8 1 1
293 1.20642 2.37519 0.14645 2 293 8 1 1
299 0.78131 2.07047 0.09394 3 299 8 1 1
36 0.70538 -0.29667 0.11547 2 36 9 1 1
83 0.6802 -0.24366 0.18296 1 83 9 1 1
125 0.89984 0.10393 0.13245 1 125 9 1 1
141 1.01793 0.19273 0.34486 1 141 9 1 1
150 1.269 0.6906 0.09007 2 150 9 1 1
170 1.00373 0.78973 0.17344 2 170 9 1 1
177 0.98843 0.07261 0.11335 3 177 9 1 1
179 1.16382 0.1503 0.34191 3 179 9 1 1
184 0.83239 0.70586 0.03472 1 184 9 1 1
275 0.96093 2.13658 0.17003 2 275 9 1 1
56 1.17793 -0.1527 0.5 2 56 10 1 1
69 1.23326 -0.10127 0.10312 2 69 10 1 1
88 1.00126 -0.10199 0.40648 1 88 10 1 1
89 1.21852 0.10318 0.05654 2 89 10 1 1
139 1.0015 -0.06586 0.28001 3 139 10 1 1
148 0.82244 0.35952 0.19388 1 148 10 1 1
162 1.15175 0.4965 0.09064 1 162 10 1 1
164 0.74134 0.51626 0.21251 1 164 10 1 1
295 0.6464 2.66381 0.39275 2 295 10 1 1
297 1.08885 1.89334 0.18232 3 297 10 1 1
19 1.01096 -1.42941 0.18369 3 19 11 1 1
20 1.1064 -1.3969 0.19598 3 20 11 1 1
25 0.34901 -1.56045 0.20501 1 25 11 1 1
131 0.69642 0.50846 0.0993 2 131 11 1 1
173 1.4342 0.84885 0.11995 2 173 11 1 1
174 1.54012 0.88356 0.2663 2 174 11 1 1
183 1.17927 0.70579 0.35243 1 183 11 1 1
186 0.85226 0.75467 0.13435 1 186 11 1 1
222 1.22973 1.05722 0.26348 1 222 11 1 1
231 1.28432 1.43018 0.09536 2 231 11 1 1
59 0.59006 -1.02769 0.10096 3 59 12 1 1
77 0.7632 -0.82894 0.19896 3 77 12 1 1
114 1.07636 0.37194 0.02523 2 114 12 1 1
187 1.05615 0.77543 0.10983 1 187 12 1 1
194 1.10354 1.10563 0.21571 2 194 12 1 1
204 0.76297 0.878 0.13084 1 204 12 1 1
214 1.4777 1.34767 0.09881 2 214 12 1 1
227 1.23978 1.19639 0.16853 1 227 12 1 1
229 1.41126 1.3741 0.13428 2 229 12 1 1
244 1.11079 1.30293 0.24064 1 244 12 1 1
17 0.51477 -1.84796 0.13564 3 17 13 1 1
24 1.01832 -1.70256 0.32517 1 24 13 1 1
189 1.16142 1.02491 0.05526 2 189 13 1 1
193 0.96237 1.0887 0.2303 2 193 13 1 1
196 1.43289 1.19057 0.28078 2 196 13 1 1
239 1.66544 0.7285 0.0981 3 239 13 1 1
241 0.92247 1.26716 0.10077 1 241 13 1 1
247 0.85019 1.38074 0.08722 1 247 13 1 1
253 2.19054 1.70257 0.21894 2 253 13 1 1
264 0.89657 1.49338 0.19509 1 264 13 1 1
172 1.00382 0.82144 0.10494 2 172 14 1 1
188 0.94775 0.7774 0.21869 1 188 14 1 1
191 1.03949 1.03144 0.30238 2 191 14 1 1
195 0.83668 1.1658 0.13975 2 195 14 1 1
208 0.92049 0.94775 0.23537 1 208 14 1 1
237 1.07091 0.7 0.16372 3 237 14 1 1
243 1.09077 1.29115 0.14429 1 243 14 1 1
246 0.98444 1.37395 0.17914 1 246 14 1 1
249 0.81933 1.54567 0.30536 2 249 14 1 1
257 1.22339 1.02213 0.10194 3 257 14 1 1
123 1.12392 0.08478 0.09302 1 123 15 1 1
156 1.0886 0.75784 0.127 2 156 15 1 1
203 1.10438 0.86576 0.23899 1 203 15 1 1
213 1.02427 1.33306 0.23151 2 213 15 1 1
219 1.11723 0.57372 0.23913 3 219 15 1 1
233 1.4842 1.48036 0.16499 2 233 15 1 1
238 1.05853 0.71218 0.21766 3 238 15 1 1
245 1.30404 1.37048 0.07061 1 245 15 1 1
251 1.34538 1.57022 0.15129 2 251 15 1 1
287 1.59193 2.30401 0.10469 1 287 15 1 1
16 1.05559 -0.90949 0.5 2 16 16 1 1
23 0.78774 -1.73743 0.17432 1 23 16 1 1
43 0.94676 -0.93393 0.06713 1 43 16 1 1
49 1.09781 -0.25021 0.052 2 49 16 1 1
54 1.30463 -0.16596 0.15073 2 54 16 1 1
63 0.90327 -0.54208 0.14408 1 63 16 1 1
65 1.07983 -0.46626 0.17154 1 65 16 1 1
79 0.85969 -0.68603 0.08217 3 79 16 1 1
118 1.07807 -0.44051 0.15996 3 118 16 1 1
250 1.10122 1.56418 0.09575 2 250 16 1 1
14 0.69825 -0.98901 0.21158 2 14 17 1 1
29 1.21828 -0.8066 0.21113 2 29 17 1 1
40 0.95676 -1.20698 0.11154 3 40 17 1 1
44 0.66529 -0.88196 0.1816 1 44 17 1 1
51 0.93593 -0.20202 0.17977 2 51 17 1 1
52 1.07235 -0.18562 0.08196 2 52 17 1 1
57 0.91251 -1.19655 0.08727 3 57 17 1 1
61 0.85165 -0.60429 0.33388 1 61 17 1 1
66 0.96256 -0.44516 0.12454 1 66 17 1 1
106 0.9491 -0.01374 0.06349 1 106 17 1 1
33 1.15438 -0.67169 0.34593 2 33 18 1 1
34 1.49252 -0.52602 0.19399 2 34 18 1 1
46 0.57169 -0.73814 0.22675 1 46 18 1 1
85 1.091 -0.19352 0.17694 1 85 18 1 1
87 0.86811 -0.12321 0.18031 1 87 18 1 1
90 1.0046 0.1092 0.08802 2 90 18 1 1
97 1.04963 -0.60418 0.09479 3 97 18 1 1
100 1.05442 -0.50597 0.08432 3 100 18 1 1
103 0.93621 -0.05029 0.14846 1 103 18 1 1
271 2.05814 1.99655 0.18825 2 271 18 1 1
30 0.94372 -0.77609 0.35953 2 30 19 1 1
32 1.17266 -0.76548 0.16692 2 32 19 1 1
37 1.18722 -1.31787 0.13321 3 37 19 1 1
45 0.83992 -0.74371 0.11924 1 45 19 1 1
47 0.78424 -0.69231 0.26217 1 47 19 1 1
53 0.73571 -0.17581 0.06579 2 53 19 1 1
64 1.02068 -0.49628 0.25138 1 64 19 1 1
70 0.8034 -0.09937 0.0924 2 70 19 1 1
120 0.97426 -0.40939 0.05283 3 120 19 1 1
126 0.8525 0.11091 0.08883 1 126 19 1 1
12 0.83806 -1.22873 0.13238 2 12 20 1 1
13 0.76663 -1.06104 0.1238 2 13 20 1 1
27 0.73863 -1.25067 0.10454 1 27 20 1 1
35 0.76685 -0.3716 0.202 2 35 20 1 1
42 0.87388 -0.99558 0.22001 1 42 20 1 1
62 0.73199 -0.59644 0.11454 1 62 20 1 1
76 1.10579 0.07243 0.16636 2 76 20 1 1
78 1.08948 -0.71943 0.17009 3 78 20 1 1
81 0.81498 -0.31511 0.15461 1 81 20 1 1
117 1.35127 -0.47087 0.09622 3 117 20 1 1
