a b c content serial module panel stage
145 1.47703 0.32935 0.12674 1 145 1 1 1
217 1.56915 0.48487 0.2063 3 217 1 1 1
253 2.19054 1.70257 0.21894 2 253 1 1 1
271 2.05814 1.99655 0.18825 2 271 1 1 1
284 1.80468 2.01305 0.18574 1 284 1 1 1
1 0.28212 -3.4292 0.188 1 1 2 1 1
129 1.38875 0.47849 0.11522 2 129 2 1 1
135 1.08761 0.56218 0.27451 2 135 2 1 1
185 0.63595 0.73997 0.31749 1 185 2 1 1
197 1.25325 0.23521 0.21215 3 197 2 1 1
2 0.36385 -3.33036 0.1767 1 2 3 1 1
110 1.32618 0.31777 0.08593 2 110 3 1 1
125 0.89984 0.10393 0.13245 1 125 3 1 1
255 1.00627 1.81689 0.18622 2 255 3 1 1
297 1.08885 1.89334 0.18232 3 297 3 1 1
88 1.00126 -0.10199 0.40648 1 88 4 1 1
134 0.90976 0.55405 0.27422 2 134 4 1 1
147 1.27402 0.34729 0.10004 1 147 4 1 1
234 1.2538 1.51119 0.24526 2 234 4 1 1
300 1.23619 2.08179 0.11321 3 300 4 1 1
188 0.94775 0.7774 0.21869 1 188 5 1 1
195 0.83668 1.1658 0.13975 2 195 5 1 1
215 0.73875 1.36371 0.23305 2 215 5 1 1
239 1.66544 0.7285 0.0981 3 239 5 1 1
285 0.88323 2.23953 0.07006 1 285 5 1 1
121 1.41811 0.06245 0.14843 1 121 6 1 1
130 1.46518 0.49739 0.16306 2 130 6 1 1
248 1.08781 1.40442 0.28071 1 248 6 1 1
280 0.7599 1.82824 0.09075 3 280 6 1 1
289 1.20437 2.24437 0.16068 2 289 6 1 1
7 0.28227 -2.26857 0.26074 1 7 7 1 1
80 0.65346 -0.62802 0.17127 3 80 7 1 1
132 0.82096 0.51316 0.13109 2 132 7 1 1
144 0.52688 0.29777 0.1472 1 144 7 1 1
154 1.73185 0.73005 0.14341 2 154 7 1 1
17 0.51477 -1.84796 0.13564 3 17 8 1 1
21 0.5117 -1.81496 0.16376 1 21 8 1 1
48 0.46165 -0.68048 0.21056 1 48 8 1 1
50 0.47284 -0.21862 0.28663 2 50 8 1 1
173 1.4342 0.84885 0.11995 2 173 8 1 1
39 0.6157 -1.24491 0.09633 3 39 9 1 1
174 1.54012 0.88356 0.2663 2 174 9 1 1
181 0.91332 0.6779 0.14975 1 181 9 1 1
208 0.92049 0.94775 0.23537 1 208 9 1 1
251 1.34538 1.57022 0.15129 2 251 9 1 1
183 1.17927 0.70579 0.35243 1 183 10 1 1
222 1.22973 1.05722 0.26348 1 222 10 1 1
259 0.84825 1.11944 0.16906 3 259 10 1 1
276 0.71858 2.15778 0.1412 2 276 10 1 1
295 0.6464 2.66381 0.39275 2 295 10 1 1
25 0.34901 -1.56045 0.20501 1 25 11 1 1
46 0.57169 -0.73814 0.22675 1 46 11 1 1
152 1.31899 0.70483 0.11459 2 152 11 1 1
198 0.76827 0.39634 0.3143 3 198 11 1 1
231 1.28432 1.43018 0.09536 2 231 11 1 1
35 0.76685 -0.3716 0.202 2 35 12 1 1
70 0.8034 -0.09937 0.0924 2 70 12 1 1
101 0.83206 -0.07859 0.17202 1 101 12 1 1
104 0.91703 -0.03528 0.17517 1 104 12 1 1
117 1.35127 -0.47087 0.09622 3 117 12 1 1
36 0.70538 -0.29667 0.11547 2 36 13 1 1
73 1.07956 -0.03388 0.33509 2 73 13 1 1
78 1.08948 -0.71943 0.17009 3 78 13 1 1
87 0.86811 -0.12321 0.18031 1 87 13 1 1
107 0.72185 0.00125 0.09602 1 107 13 1 1
31 0.80136 -0.76802 0.34693 2 31 14 1 1
75 0.75679 0.06256 0.13823 2 75 14 1 1
81 0.81498 -0.31511 0.15461 1 81 14 1 1
85 1.091 -0.19352 0.17694 1 85 14 1 1
120 0.97426 -0.40939 0.05283 3 120 14 1 1
54 1.30463 -0.16596 0.15073 2 54 15 1 1
61 0.85165 -0.60429 0.33388 1 61 15 1 1
68 0.74871 -0.3736 0.19772 1 68 15 1 1
95 0.74188 0.23092 0.08413 2 95 15 1 1
118 1.07807 -0.44051 0.15996 3 118 15 1 1
18 0.83657 -1.45579 0.1715 3 18 16 1 1
51 0.93593 -0.20202 0.17977 2 51 16 1 1
67 0.79089 -0.37825 0.28961 1 67 16 1 1
69 1.23326 -0.10127 0.10312 2 69 16 1 1
106 0.9491 -0.01374 0.06349 1 106 16 1 1
6 0.37622 -2.50664 0.2354 1 6 17 1 1
196 1.43289 1.19057 0.28078 2 196 17 1 1
213 1.02427 1.33306 0.23151 2 213 17 1 1
278 1.24214 1.79488 0.20648 3 278 17 1 1
286 0.70531 2.2619 0.15478 1 286 17 1 1
175 0.75085 0.94963 0.19069 2 175 18 1 1
204 0.76297 0.878 0.13084 1 204 18 1 1
237 1.07091 0.7 0.16372 3 237 18 1 1
265 1.16434 1.54005 0.23937 1 265 18 1 1
291 0.93878 2.26758 0.25055 2 291 18 1 1
3 0.36893 -2.93842 0.18308 1 3 19 1 1
5 0.35074 -2.66541 0.2052 1 5 19 1 1
230 1.3552 1.38621 0.26964 2 230 19 1 1
240 1.17548 0.81871 0.07185 3 240 19 1 1
249 0.81933 1.54567 0.30536 2 249 19 1 1
4 0.46429 -2.74341 0.20093 1 4 20 1 1
38 0.59685 -1.26581 0.23214 3 38 20 1 1
191 1.03949 1.03144 0.30238 2 191 20 1 1
192 0.80912 1.03894 0.29215 2 192 20 1 1
245 1.30404 1.37048 0.07061 1 245 20 1 1
89 1.21852 0.10318 0.05654 2 89 21 1 1
115 1.11062 0.37674 0.20046 2 115 21 1 1
182 0.90487 0.68147 0.19902 1 182 21 1 1
199 0.855 0.40163 0.41689 3 199 21 1 1
283 1.14926 1.99497 0.11357 1 283 21 1 1
123 1.12392 0.08478 0.09302 1 123 22 1 1
178 1.51543 0.12667 0.18331 3 178 22 1 1
269 1.16738 1.93815 0.10698 2 269 22 1 1
275 0.96093 2.13658 0.17003 2 275 22 1 1
281 0.97787 1.79151 0.22901 1 281 22 1 1
92 1.17228 0.13248 0.18882 2 92 23 1 1
141 1.01793 0.19273 0.34486 1 141 23 1 1
170 1.00373 0.78973 0.17344 2 170 23 1 1
264 0.89657 1.49338 0.19509 1 264 23 1 1
279 0.86838 1.79655 0.1688 3 279 23 1 1
142 0.51767 0.23125 0.21801 1 142 24 1 1
158 1.20666 -0.03132 0.16188 3 158 24 1 1
168 1.35539 0.59898 0.27613 1 168 24 1 1
210 1.2324 1.28199 0.28949 2 210 24 1 1
232 0.92473 1.44495 0.14829 2 232 24 1 1
49 1.09781 -0.25021 0.052 2 49 25 1 1
53 0.73571 -0.17581 0.06579 2 53 25 1 1
57 0.91251 -1.19655 0.08727 3 57 25 1 1
64 1.02068 -0.49628 0.25138 1 64 25 1 1
66 0.96256 -0.44516 0.12454 1 66 25 1 1
29 1.21828 -0.8066 0.21113 2 29 26 1 1
44 0.66529 -0.88196 0.1816 1 44 26 1 1
45 0.83992 -0.74371 0.11924 1 45 26 1 1
52 1.07235 -0.18562 0.08196 2 52 26 1 1
58 0.91004 -1.12367 0.13877 3 58 26 1 1
30 0.94372 -0.77609 0.35953 2 30 27 1 1
40 0.95676 -1.20698 0.11154 3 40 27 1 1
43 0.94676 -0.93393 0.06713 1 43 27 1 1
62 0.73199 -0.59644 0.11454 1 62 27 1 1
150 1.269 0.6906 0.09007 2 150 27 1 1
32 1.17266 -0.76548 0.16692 2 32 28 1 1
63 0.90327 -0.54208 0.14408 1 63 28 1 1
65 1.07983 -0.46626 0.17154 1 65 28 1 1
97 1.04963 -0.60418 0.09479 3 97 28 1 1
156 1.0886 0.75784 0.127 2 156 28 1 1
9 0.55474 -1.44975 0.34075 2 9 29 1 1
16 1.05559 -0.90949 0.5 2 16 29 1 1
227 1.23978 1.19639 0.16853 1 227 29 1 1
257 1.22339 1.02213 0.10194 3 257 29 1 1
268 1.34917 1.6974 0.13229 1 268 29 1 1
56 1.17793 -0.1527 0.5 2 56 30 1 1
140 0.66322 -0.04312 0.14751 3 140 30 1 1
256 1.93513 1.83794 0.18836 2 256 30 1 1
262 0.77834 1.44274 0.09122 1 262 30 1 1
282 0.90689 1.9717 0.08154 1 282 30 1 1
28 0.51599 -1.23995 0.28683 1 28 31 1 1
41 0.37867 -1.04841 0.20456 1 41 31 1 1
77 0.7632 -0.82894 0.19896 3 77 31 1 1
235 1.28983 1.52127 0.14887 2 235 31 1 1
270 1.38278 1.96672 0.2976 2 270 31 1 1
22 0.48935 -1.78184 0.18681 1 22 32 1 1
59 0.59006 -1.02769 0.10096 3 59 32 1 1
153 1.16655 0.72347 0.08417 2 153 32 1 1
201 1.3784 0.8036 0.19098 1 201 32 1 1
212 0.5994 1.2851 0.34499 2 212 32 1 1
102 0.50461 -0.06314 0.10643 1 102 33 1 1
114 1.07636 0.37194 0.02523 2 114 33 1 1
162 1.15175 0.4965 0.09064 1 162 33 1 1
218 0.90061 0.52271 0.26448 3 218 33 1 1
273 1.5695 2.02583 0.15193 2 273 33 1 1
108 0.62533 0.01329 0.5 1 108 34 1 1
155 1.18534 0.73779 0.15533 2 155 34 1 1
163 1.05138 0.51094 0.07302 1 163 34 1 1
272 1.608 2.01146 0.09196 2 272 34 1 1
298 1.14405 1.98778 0.25225 3 298 34 1 1
34 1.49252 -0.52602 0.19399 2 34 35 1 1
103 0.93621 -0.05029 0.14846 1 103 35 1 1
128 0.94186 0.16016 0.14885 1 128 35 1 1
250 1.10122 1.56418 0.09575 2 250 35 1 1
299 0.78131 2.07047 0.09394 3 299 35 1 1
90 1.0046 0.1092 0.08802 2 90 36 1 1
91 1.19155 0.11524 0.25589 2 91 36 1 1
124 1.04105 0.08671 0.16097 1 124 36 1 1
127 0.99128 0.15425 0.12452 1 127 36 1 1
138 0.85197 -0.26127 0.15188 3 138 36 1 1
33 1.15438 -0.67169 0.34593 2 33 37 1 1
76 1.10579 0.07243 0.16636 2 76 37 1 1
100 1.05442 -0.50597 0.08432 3 100 37 1 1
126 0.8525 0.11091 0.08883 1 126 37 1 1
242 1.00433 1.29001 0.20413 1 242 37 1 1
10 0.50991 -1.44914 0.14694 2 10 38 1 1
12 0.83806 -1.22873 0.13238 2 12 38 1 1
20 1.1064 -1.3969 0.19598 3 20 38 1 1
24 1.01832 -1.70256 0.32517 1 24 38 1 1
26 0.51357 -1.48062 0.17331 1 26 38 1 1
8 0.59362 -2.06476 0.16105 1 8 39 1 1
13 0.76663 -1.06104 0.1238 2 13 39 1 1
15 0.47563 -0.94598 0.16654 2 15 39 1 1
37 1.18722 -1.31787 0.13321 3 37 39 1 1
42 0.87388 -0.99558 0.22001 1 42 39 1 1
11 0.64116 -1.29142 0.14806 2 11 40 1 1
14 0.69825 -0.98901 0.21158 2 14 40 1 1
19 1.01096 -1.42941 0.18369 3 19 40 1 1
23 0.78774 -1.73743 0.17432 1 23 40 1 1
27 0.73863 -1.25067 0.10454 1 27 40 1 1
